0.286151
0.286905
0.287897
0.286050
0.287492
0.285801
0.289001
0.287816
0.285685
0.291086
0.286661
0.287083
0.292588
0.292684
0.293121
0.289693
0.293225
0.292853
0.295348
0.290952
0.294279
0.294585
0.293044
0.293243
0.291361
0.293131
0.296403
0.292468
0.299155
0.298244
0.297292
0.293254
0.297464
0.299474
0.295406
0.296106
0.296297
0.299920
0.300792
0.296319
0.299369
0.300519
0.296527
0.301354
0.295927
0.298803
0.297804
0.299068
0.302675
0.298537
0.300066
0.298197
0.299694
0.298125
0.300168
0.304253
0.304245
0.305206
0.305781
0.306717
0.306126
0.301370
0.306983
0.307677
0.306359
0.304538
0.307690
0.302473
0.308727
0.306859
0.307255
0.301695
0.301703
0.303348
0.307290
0.308011
0.305830
0.308211
0.308724
0.310709
0.310590
0.306115
0.310740
0.311728
0.311450
0.309446
0.306488
0.306610
0.306893
0.313450
0.313076
0.306765
0.306773
0.306798
0.307918
0.309874
0.313144
0.306919
0.307298
0.310391
0.307371
0.310647
0.307434
0.309982
0.313077
0.313045
0.316185
0.313193
0.313189
0.313353
0.315649
0.313553
0.314505
0.314672
0.315317
0.313851
0.314973
0.313877
0.314652
0.314848
0.315594
0.315542
0.314601
0.314628
0.314471
0.314703
0.314424
0.318674
0.318714
0.318710
0.318892
0.318887
0.319022
0.319225
0.319303
0.321064
0.321282
0.321389
0.321450
0.323751
0.323852
0.323986
0.324025
0.324039
0.324139
0.328263
0.328463
0.328431
0.328562
0.328562
0.328655
0.331641
0.331646
0.331721
0.331910
0.332020
0.332159
0.332195
0.332215
0.332301
0.332247
0.332289
0.332279
0.332347
0.332440
0.332657
0.332588
0.332701
0.332628
0.336725
0.336669
0.336790
0.336738
0.336858
0.336863
0.337155
0.337202
0.337199
0.339581
0.339628
0.339739
0.340000
0.339953
0.339854
0.341538
0.342173
0.341601
0.342269
0.341677
0.342447
0.342583
0.342806
0.342802
0.342733
0.342877
0.342298
0.342645
0.342635
0.342847
0.343636
0.342856
0.343012
0.343180
0.343120
0.343049
0.343166
0.343060
0.343152
0.347924
0.348092
0.348151
0.348505
0.348325
0.349019
0.348588
0.348750
0.348749
0.349850
0.349886
0.348925
0.349437
0.350293
0.349004
0.353765
0.353752
0.353936
0.353553
0.354206
0.353889
0.353924
0.353964
0.354562
0.354432
0.354684
0.354439
0.354610
0.357915
0.357916
0.357970
0.358235
0.357952
0.358012
0.358078
0.358687
0.358791
0.358766
0.358872
0.359053
0.359116
0.359179
0.359304
0.362893
0.362928
0.363041
0.363108
0.363337
0.363326
0.363312
0.363463
0.363522
0.364001
0.363917
0.364074
0.363951
0.364136
0.364159
0.364194
0.368831
0.368829
0.368930
0.369014
0.369095
0.369178
0.369272
0.369527
0.369596
0.369762
0.369799
0.373084
0.373157
0.373126
0.373471
0.373489
0.373571
0.375052
0.375093
0.375068
0.375138
0.375150
0.375284
0.375297
0.375244
0.375205
0.375308
0.375269
0.375515
0.375324
0.375481
0.375426
0.375532
0.375573
0.375497
0.375623
0.375579
0.377650
0.377517
0.377562
0.377568
0.377539
0.377574
0.377597
0.377729
0.377739
0.377748
0.377887
0.377851
0.377857
0.378131
0.378070
0.378084
0.380075
0.380172
0.380283
0.380198
0.380624
0.381574
0.381624
0.381593
0.381791
0.381656
0.381823
0.382041
0.382174
0.383516
0.383403
0.383751
0.384977
0.384799
0.385997
0.385896
0.385845
0.385972
0.386120
0.387201
0.386965
0.388110
0.388251
0.388028
0.388793
0.388567
0.389482
0.389011
0.389479
0.389125
0.390689
0.390172
0.390764
0.390149
0.390406
0.391407
0.390952
0.391291
0.391343
0.390940
0.391743
0.392420
0.392353
0.392271
0.392156
0.392724
0.393639
0.393477
0.393508
0.393329
0.393373
0.393469
0.394130
0.394775
0.394567
0.394991
0.395448
0.395870
0.396503
0.395989
0.396335
0.396423
0.396460
0.396838
0.396853
0.397961
0.397825
0.397669
0.397666
0.397898
0.397906
0.398824
0.399015
0.398347
0.398334
0.399195
0.399148
0.399498
0.400162
0.399358
0.399670
0.399688
0.400321
0.400318
0.401325
0.400445
0.400879
0.400589
0.400929
0.401716
0.402114
0.401939
0.402141
0.402365
0.403134
0.403288
0.403662
0.404146
0.403416
0.403276
0.403992
0.403969
0.403574
0.405094
0.405271
0.404992
0.405777
0.405892
0.406344
0.405865
0.406038
0.406010
0.406050
0.405930
0.407723
0.407338
0.408016
0.407413
0.407577
0.407483
0.407707
0.408144
0.409319
0.408793
0.408881
0.409172
0.409138
0.408980
0.410541
0.410173
0.410133
0.410182
0.410850
0.411615
0.411472
0.411605
0.412333
0.411909
0.412114
0.412743
0.413548
0.414250
0.413836
0.414449
0.415188
0.415301
0.415878
0.415504
0.416059
0.415562
0.415577
0.415637
0.415596
0.417695
0.418378
0.417923
0.418564
0.418072
0.418202
0.418166
0.418770
0.419388
0.419364
0.419935
0.419504
0.419456
0.421105
0.420596
0.420520
0.421228
0.421255
0.420757
0.420687
0.420811
0.421315
0.420835
0.421318
0.420934
0.422034
0.422210
0.422811
0.422287
0.422601
0.423015
0.422406
0.423948
0.424373
0.424507
0.424715
0.425047
0.425069
0.425672
0.425427
0.425465
0.425262
0.425818
0.426693
0.426516
0.426886
0.427249
0.427507
0.428402
0.428215
0.428002
0.427700
0.428746
0.428861
0.429209
0.429205
0.430377
0.429868
0.430194
0.430455
0.430596
0.430422
0.430112
0.430117
0.431910
0.431793
0.432196
0.432226
0.432594
0.433494
0.433230
0.433630
0.433944
0.434755
0.434781
0.434554
0.435003
0.435668
0.435614
0.435215
0.436729
0.436564
0.436719
0.436142
0.437371
0.436958
0.437454
0.436968
0.438344
0.438291
0.438299
0.439125
0.439110
0.438944
0.438485
0.439216
0.439440
0.440080
0.440167
0.440799
0.440846
0.441473
0.440875
0.441614
0.441640
0.440579
0.442236
0.441361
0.442478
0.442948
0.442058
0.442548
0.442593
0.443803
0.444315
0.444237
0.443316
0.445036
0.444289
0.445583
0.445460
0.446101
0.446394
0.445448
0.446852
0.446979
0.447358
0.447719
0.446598
0.447987
0.448223
0.447045
0.448596
0.447874
0.449363
0.448306
0.449560
0.448889
0.450294
0.450607
0.450715
0.450240
0.451459
0.450327
0.450989
0.451027
0.452317
0.451707
0.452495
0.452754
0.452993
0.452389
0.453767
0.453000
0.453765
0.453977
0.453861
0.453264
0.454339
0.455142
0.455064
0.455514
0.455938
0.455220
0.456081
0.455830
0.456840
0.457074
0.456979
0.456483
0.457512
0.458199
0.457993
0.457656
0.458315
0.458753
0.458792
0.459441
0.459623
0.459873
0.460244
0.460422
0.459963
0.460784
0.460911
0.461425
0.461577
0.461756
0.462235
0.462389
0.462519
0.461940
0.463147
0.462883
0.462915
0.463521
0.463493
0.464105
0.464570
0.464757
0.464749
0.464565
0.465088
0.465037
0.465616
0.465230
0.466058
0.466556
0.467530
0.467714
0.467518
0.468487
0.468560
0.469749
0.469756
0.469350
0.469880
0.470275
0.470317
0.470136
0.471435
0.472059
0.472317
0.471629
0.472277
0.472614
0.471954
0.474028
0.473936
0.473462
0.474217
0.474102
0.474928
0.475639
0.475652
0.475847
0.475371
0.475886
0.475635
0.476208
0.476058
0.475728
0.478315
0.477874
0.478673
0.478171
0.478803
0.478677
0.478839
0.480534
0.480199
0.480941
0.480851
0.480569
0.481013
0.481202
0.480699
0.482643
0.483056
0.483418
0.483252
0.483124
0.483268
0.483935
0.483733
0.483419
0.483795
0.484102
0.485795
0.486169
0.486595
0.486091
0.486447
0.486845
0.486986
0.486668
0.486464
0.487119
0.488939
0.489021
0.489781
0.489472
0.489621
0.489446
0.489808
0.489593
0.490250
0.490260
0.489901
0.489688
0.492398
0.492804
0.492600
0.493225
0.493106
0.492873
0.493598
0.493183
0.493508
0.493754
0.493644
0.496454
0.496145
0.496545
0.496473
0.496254
0.496757
0.496913
0.496521
0.496704
0.497119
0.496871
0.497384
0.497226
0.496973
0.497404
0.497377
0.497368
0.500616
0.500964
0.501126
0.500903
0.501220
0.500735
0.501691
0.501541
0.501831
0.501958
0.501280
0.501282
0.502090
0.505153
0.504717
0.505399
0.504785
0.504881
0.504856
0.505688
0.505027
0.505270
0.506060
0.505224
0.505506
0.505409
0.506421
0.505767
0.506477
0.505844
0.506552
0.509775
0.510546
0.509939
0.510377
0.510201
0.510664
0.510559
0.510780
0.510994
0.510859
0.511117
0.510964
0.511047
0.511067
0.511075
0.514843
0.514811
0.514873
0.514992
0.514989
0.515381
0.515207
0.515486
0.515295
0.515642
0.515784
0.515749
0.515865
0.515812
0.519457
0.519813
0.519851
0.520018
0.519967
0.520197
0.520491
0.520597
0.520586
0.520653
0.520664
0.520664
0.523979
0.524073
0.524136
0.524284
0.524298
0.524416
0.524502
0.524578
0.524572
0.524693
0.524698
0.528273
0.528255
0.528364
0.528513
0.528745
0.528963
0.529117
0.529058
0.529147
0.529136
0.529293
0.529294
0.529299
0.529405
0.529362
0.529385
0.533218
0.533280
0.533462
0.533338
0.533447
0.533617
0.533760
0.533845
0.534063
0.534183
0.534216
0.534235
0.534271
0.534293
0.537683
0.537773
0.537932
0.537872
0.537921
0.538146
0.538190
0.538183
0.538333
0.538430
0.538564
0.538743
0.541719
0.541704
0.541797
0.541971
0.541982
0.541891
0.542098
0.542199
0.542310
0.542388
0.542951
0.542675
0.542998
0.543028
0.543286
0.543007
0.543031
0.542951
0.547133
0.547097
0.547064
0.547171
0.547494
0.547591
0.547717
0.548141
0.550557
0.550518
0.550599
0.550705
0.550745
0.550871
0.550909
0.551520
0.551551
0.551550
0.551512
0.551674
0.551695
0.554448
0.554493
0.554386
0.554413
0.554405
0.554448
0.554487
0.554641
0.554991
0.554835
0.555112
0.555191
0.555084
0.555267
0.555317
0.555331
0.555258
0.555193
0.555283
0.557675
0.557684
0.557837
0.557877
0.557898
0.557808
0.558040
0.558046
0.558063
0.558109
0.558157
0.560348
0.560280
0.560211
0.560292
0.560708
0.560555
0.560882
0.560787
0.560735
0.562873
0.562905
0.563058
0.563193
0.562719
0.566254
0.565971
0.566026
0.566118
0.565410
0.565502
0.565633
0.566832
0.566860
0.566934
0.566908
0.566841
0.567910
0.568097
0.567613
0.569512
0.569762
0.570050
0.570644
0.569647
0.569227
0.570706
0.570309
0.570345
0.570704
0.572311
0.571734
0.571227
0.571876
0.571994
0.572170
0.573291
0.572436
0.573882
0.574010
0.574773
0.573550
0.573523
0.574758
0.575674
0.574807
0.575293
0.575002
0.576531
0.575418
0.576080
0.576060
0.576696
0.577029
0.577227
0.577250
0.578220
0.577340
0.578069
0.578874
0.578109
0.578592
0.578584
0.579629
0.580062
0.579429
0.579629
0.579846
0.580791
0.581451
0.582099
0.581230
0.581321
0.582193
0.582369
0.582137
0.582167
0.582312
0.582345
0.584428
0.583474
0.583718
0.585678
0.584872
0.585027
0.586093
0.586145
0.587296
0.587329
0.587556
0.588525
0.587483
0.587581
0.588722
0.587999
0.587803
0.588080
0.589009
0.590002
0.590049
0.589753
0.591085
0.590196
0.591171
0.590265
0.591310
0.590429
0.590393
0.593440
0.592318
0.592546
0.593721
0.593696
0.592719
0.592846
0.592882
0.593977
0.592902
0.592925
0.595185
0.595394
0.595397
0.596512
0.595479
0.595683
0.595799
0.595946
0.595809
0.597049
0.595788
0.597099
0.598480
0.599629
0.598510
0.598777
0.598834
0.598654
0.600143
0.599195
0.600331
0.599262
0.601842
0.603136
0.601857
0.603341
0.602327
0.602441
0.603695
0.602565
0.603694
0.604923
0.606160
0.605106
0.605247
0.606387
0.605658
0.606790
0.606810
0.605838
0.609387
0.608468
0.609524
0.608585
0.609689
0.608740
0.608986
0.609048
0.609093
0.609069
0.609145
0.610369
0.613307
0.612214
0.613444
0.613545
0.612478
0.612589
0.613701
0.612710
0.613824
0.612775
0.613000
0.614112
0.614151
0.613182
0.614179
0.614240
0.613304
0.617909
0.617923
0.617907
0.617055
0.618055
0.617259
0.617407
0.618356
0.617429
0.618608
0.617838
0.617858
0.618665
0.618690
0.621883
0.621254
0.621287
0.621418
0.622267
0.621532
0.621752
0.621227
0.621968
0.622712
0.622807
0.622246
0.622222
0.622865
0.622844
0.621936
0.625530
0.626503
0.626542
0.625819
0.626930
0.626077
0.627047
0.626098
0.626192
0.626366
0.626647
0.627496
0.626726
0.627435
0.627477
0.630461
0.631129
0.630558
0.630765
0.630805
0.630779
0.631590
0.631706
0.631207
0.631491
0.631433
0.631759
0.631581
0.631598
0.635323
0.635478
0.635653
0.635851
0.635906
0.635982
0.636113
0.636263
0.636408
0.636459
0.636489
0.639696
0.639715
0.639805
0.640022
0.640086
0.640217
0.640245
0.640581
0.640615
0.640680
0.640671
0.640703
0.640741
0.644366
0.644464
0.644465
0.644670
0.644589
0.644666
0.644738
0.644903
0.644950
0.645130
0.645323
0.645249
0.645306
0.645432
0.645470
0.645527
0.645749
0.649674
0.649729
0.649827
0.649787
0.649914
0.649941
0.650007
0.650185
0.650347
0.650339
0.650362
0.650558
0.650731
0.650789
0.654293
0.654441
0.654570
0.654563
0.654716
0.654665
0.654863
0.654831
0.655091
0.654989
0.655162
0.655347
0.655370
0.655402
0.655635
0.655521
0.659264
0.659300
0.659448
0.659552
0.659559
0.659750
0.659663
0.659772
0.659874
0.659894
0.660336
0.660511
0.660544
0.660488
0.660567
0.664201
0.664301
0.664488
0.664537
0.664582
0.664713
0.664771
0.664896
0.664968
0.665041
0.665149
0.665176
0.665332
0.665566
0.669205
0.669377
0.669412
0.669486
0.669542
0.669897
0.669975
0.670032
0.670147
0.670199
0.670232
0.673496
0.673552
0.673581
0.673853
0.673774
0.673993
0.674067
0.674082
0.674230
0.674271
0.674384
0.674579
0.674711
0.678054
0.678119
0.678247
0.678355
0.678386
0.678651
0.678715
0.678822
0.678931
0.678871
0.678863
0.679106
0.679183
0.679095
0.679162
0.679272
0.679279
0.683291
0.683439
0.683609
0.683519
0.683593
0.683860
0.683929
0.683880
0.684082
0.684196
0.684224
0.684324
0.684321
0.684326
0.687848
0.687993
0.688054
0.688025
0.688143
0.688325
0.688363
0.688460
0.688612
0.688644
0.688600
0.688751
0.688890
0.688923
0.688957
0.689200
0.692641
0.692800
0.692866
0.692891
0.692999
0.693035
0.693118
0.693239
0.692783
0.693408
0.693460
0.693530
0.693684
0.693283
0.693994
0.696607
0.696660
0.696849
0.696866
0.696969
0.697067
0.697087
0.697200
0.697423
0.697462
0.697713
0.697742
0.697723
0.697864
0.688063
0.688072
0.688344
0.702180
0.688441
0.688629
0.688878
0.689053
0.689010
0.689077
0.689321
0.692755
0.692808
0.692740
0.692943
0.692926
0.693251
0.693350
0.693530
0.693538
0.696531
0.696476
0.696402
0.696368
0.696446
0.696945
0.696960
0.697207
0.697281
0.697393
0.697245
0.697477
0.697509
0.697541
0.701342
0.701450
0.701423
0.701550
0.701599
0.701805
0.701775
0.701941
0.701951
0.702010
0.702117
0.702027
0.702261
0.702215
0.702352
0.702412
0.702485
0.702519
0.702524
0.702553
0.702556
0.707089
0.707167
0.707287
0.707383
0.707428
0.707504
0.707621
0.707795
0.707901
0.708005
0.707983
0.708056
0.708089
0.708092
0.708100
0.708102
0.711937
0.712009
0.712072
0.712135
0.712160
0.712293
0.712280
0.712398
0.712409
0.712506
0.712656
0.712622
0.712878
0.712990
0.713127
0.714773
0.714834
0.714857
0.714874
0.714878
0.715097
0.715202
0.715293
0.715284
0.715325
0.715459
0.715454
0.715452
0.715467
0.717503
0.717459
0.717677
0.717643
0.717687
0.717728
0.717688
0.717725
0.717905
0.718024
0.717983
0.719859
0.719843
0.719950
0.720087
0.720164
0.720267
0.720289
0.720281
0.720301
0.721870
0.721937
0.721948
0.722007
0.722023
0.722124
0.722067
0.722247
0.722222
0.722309
0.723866
0.724241
0.724455
0.724507
0.724130
0.725609
0.725499
0.725715
0.725959
0.725910
0.726967
0.727149
0.727140
0.727462
0.728224
0.728036
0.729295
0.729665
0.729392
0.729920
0.730782
0.730901
0.730907
0.730683
0.731715
0.731409
0.732277
0.731888
0.732315
0.732628
0.732411
0.733479
0.734041
0.733899
0.734114
0.734693
0.734813
0.735085
0.735354
0.735630
0.736107
0.735887
0.735789
0.737104
0.736862
0.737080
0.737147
0.738226
0.738267
0.738257
0.738942
0.739333
0.739334
0.739640
0.740220
0.740094
0.740471
0.740794
0.741196
0.740969
0.742005
0.742067
0.742375
0.742684
0.742916
0.742257
0.742978
0.742979
0.743747
0.744377
0.743177
0.744880
0.745354
0.745635
0.744936
0.746185
0.746529
0.746690
0.747393
0.747137
0.747112
0.747215
0.747383
0.748104
0.748117
0.748904
0.748256
0.749326
0.749049
0.749304
0.749520
0.749402
0.749513
0.750465
0.750411
0.751741
0.751754
0.752048
0.751977
0.753383
0.753296
0.753472
0.753797
0.753649
0.753636
0.753859
0.753720
0.754020
0.755011
0.755095
0.755512
0.755535
0.756661
0.758298
0.758398
0.758554
0.758448
0.758412
0.758577
0.758523
0.758773
0.759040
0.759049
0.758919
0.759021
0.759043
0.760274
0.760638
0.761053
0.761820
0.761861
0.762607
0.762572
0.762856
0.762805
0.763601
0.763668
0.763799
0.764105
0.764227
0.764229
0.765384
0.765425
0.765419
0.765550
0.765640
0.765575
0.766454
0.766464
0.766616
0.767154
0.767226
0.767867
0.767892
0.767938
0.767979
0.768735
0.768823
0.769277
0.769719
0.769917
0.770077
0.770460
0.770607
0.771468
0.771522
0.771677
0.771693
0.772710
0.772941
0.773742
0.773897
0.773947
0.773992
0.774267
0.774084
0.775390
0.775489
0.775583
0.775676
0.775940
0.776907
0.777108
0.777428
0.777113
0.778406
0.778816
0.778452
0.779006
0.778861
0.779153
0.778712
0.778991
0.780659
0.780953
0.781277
0.781343
0.780955
0.781351
0.781216
0.781428
0.782885
0.783095
0.783429
0.783604
0.784675
0.784542
0.785148
0.785004
0.785321
0.785357
0.785127
0.785367
0.785148
0.785538
0.785638
0.787517
0.788109
0.787998
0.787795
0.788283
0.788020
0.788556
0.788157
0.788657
0.788660
0.791311
0.790931
0.791611
0.791655
0.791230
0.791879
0.791989
0.791481
0.791903
0.794355
0.793783
0.794515
0.794717
0.794174
0.794799
0.795077
0.794558
0.795295
0.795222
0.795377
0.794820
0.795290
0.798325
0.797780
0.798307
0.798641
0.798774
0.798612
0.798368
0.797975
0.798932
0.798131
0.801885
0.801705
0.800989
0.801963
0.802415
0.802436
0.801461
0.802362
0.802377
0.802758
0.801642
0.802794
0.802608
0.805215
0.805330
0.805351
0.805273
0.805482
0.805405
0.805393
0.805665
0.805554
0.805757
0.805563
0.805643
0.806923
0.807413
0.807010
0.807594
0.806815
0.807195
0.806897
0.807809
0.807151
0.807941
0.807226
0.807564
0.807643
0.807638
0.807512
0.809979
0.810170
0.810022
0.809925
0.810384
0.810133
0.810406
0.810408
0.810988
0.810872
0.810792
0.811255
0.810819
0.814226
0.814625
0.814818
0.814481
0.814780
0.814862
0.815372
0.815206
0.815087
0.815514
0.817991
0.818233
0.818724
0.818659
0.818923
0.819365
0.819177
0.819167
0.819506
0.819150
0.819551
0.819258
0.822238
0.822632
0.822420
0.822949
0.822818
0.822930
0.822797
0.822980
0.822767
0.824625
0.824803
0.824582
0.824645
0.824780
0.825061
0.824818
0.824861
0.824927
0.824991
0.824942
0.825332
0.825310
0.825031
0.825310
0.825040
0.827254
0.827003
0.827196
0.826970
0.826973
0.827501
0.827270
0.827655
0.827357
0.827706
0.827488
0.829768
0.829726
0.829409
0.829400
0.829561
0.829949
0.829833
0.830150
0.829877
0.830202
0.831544
0.831784
0.831669
0.831887
0.832322
0.832017
0.832424
0.833065
0.833389
0.833282
0.833943
0.833513
0.835343
0.835263
0.835222
0.834874
0.835096
0.835004
0.835069
0.835871
0.837012
0.837221
0.837308
0.836875
0.837921
0.838686
0.838882
0.838941
0.838797
0.838383
0.839027
0.839516
0.839525
0.840240
0.839495
0.840231
0.840403
0.840466
0.840460
0.839835
0.840735
0.840734
0.842256
0.842260
0.842181
0.842456
0.841729
0.842457
0.842294
0.842851
0.843457
0.842973
0.843699
0.843135
0.843687
0.843912
0.844001
0.845111
0.844580
0.845304
0.845205
0.845217
0.845257
0.845639
0.845495
0.845713
0.845503
0.847527
0.848361
0.848366
0.848179
0.850006
0.850960
0.850497
0.851234
0.850902
0.851340
0.851221
0.850733
0.853252
0.853459
0.853862
0.853669
0.853443
0.854086
0.854104
0.853997
0.854240
0.854644
0.854098
0.854334
0.856338
0.857378
0.857148
0.856599
0.856633
0.857818
0.857442
0.859416
0.859942
0.859967
0.859568
0.860085
0.859102
0.860202
0.859929
0.859459
0.860592
0.859589
0.859581
0.859933
0.860730
0.859745
0.860093
0.862891
0.863281
0.864118
0.863166
0.863605
0.864377
0.863470
0.863912
0.864648
0.863834
0.864754
0.864192
0.866834
0.867311
0.866984
0.867499
0.867419
0.867552
0.867774
0.867376
0.867880
0.867767
0.867450
0.867800
0.870722
0.870413
0.871107
0.870789
0.871245
0.870922
0.871360
0.871260
0.871973
0.871358
0.871907
0.871401
0.874851
0.874795
0.874502
0.875095
0.874693
0.875208
0.875243
0.875307
0.875498
0.875495
0.875628
0.875747
0.875806
0.875841
0.875900
0.875918
0.879774
0.879943
0.879919
0.879809
0.880141
0.880341
0.880133
0.880445
0.880264
0.880726
0.880850
0.880744
0.880907
0.880789
0.884344
0.884690
0.884520
0.884659
0.884631
0.884937
0.885165
0.885296
0.885115
0.885314
0.885496
0.885391
0.885578
0.888931
0.888725
0.888750
0.888891
0.889179
0.889071
0.889316
0.889405
0.889601
0.889704
0.889739
0.889811
0.889981
0.889986
0.889927
0.890044
0.889956
0.889974
0.894253
0.894212
0.894179
0.894265
0.894429
0.894404
0.894596
0.894720
0.894981
0.894948
0.895118
0.895089
0.895070
0.895134
0.895274
0.897292
0.897321
0.897333
0.897321
0.897364
0.897408
0.897568
0.897502
0.897665
0.897665
0.897724
0.897731
0.899362
0.899407
0.899394
0.899393
0.899430
0.899576
0.899504
0.899553
0.899742
0.899760
0.899904
0.899918
0.901749
0.901912
0.901917
0.902007
0.903221
0.903219
0.903225
0.903430
0.903302
0.903369
0.903320
0.905111
0.904687
0.905148
0.905726
0.905888
0.905972
0.906470
0.906370
0.907546
0.908373
0.908709
0.910937
0.911100
0.911289
0.911239
0.911209
0.911045
0.911093
0.911636
0.911447
0.911970
0.911982
0.912135
0.912051
0.913201
0.913101
0.913630
0.913880
0.913964
0.914054
0.913964
0.914666
0.914860
0.914867
0.914949
0.915002
0.915469
0.915641
0.915636
0.916531
0.916196
0.916728
0.917074
0.917192
0.918009
0.917321
0.917834
0.917987
0.917860
0.918000
0.919124
0.918478
0.919543
0.919184
0.920062
0.919315
0.919886
0.920036
0.920015
0.920737
0.920926
0.920849
0.921805
0.922945
0.922070
0.922597
0.922557
0.923286
0.923345
0.923396
0.923420
0.923403
0.924337
0.924997
0.924614
0.925008
0.925792
0.925493
0.925551
0.927345
0.926349
0.927387
0.926443
0.926644
0.926773
0.926781
0.927385
0.926858
0.926807
0.928046
0.929185
0.929408
0.928777
0.929338
0.928980
0.928959
0.930002
0.930531
0.930159
0.930687
0.930852
0.931587
0.931611
0.931237
0.932048
0.932436
0.932233
0.932270
0.932400
0.932502
0.933289
0.933395
0.933672
0.933396
0.933537
0.933835
0.933577
0.933884
0.933615
0.933625
0.934002
0.936120
0.936227
0.937702
0.938066
0.937867
0.937809
0.939301
0.939775
0.939630
0.940142
0.939997
0.941503
0.941871
0.941733
0.941678
0.942006
0.942101
0.941740
0.942034
0.941750
0.942035
0.944496
0.944883
0.944740
0.944890
0.944608
0.944951
0.944682
0.946295
0.946598
0.946714
0.946824
0.946862
0.946679
0.946787
0.947017
0.947138
0.947065
0.946949
0.949376
0.949368
0.949576
0.949498
0.949793
0.950276
0.950116
0.950029
0.950526
0.950565
0.952981
0.952787
0.953338
0.953156
0.953340
0.953804
0.953762
0.953705
0.953506
0.956429
0.956405
0.956303
0.956790
0.956786
0.957073
0.957487
0.957383
0.957519
0.957683
0.957510
0.957629
0.957564
0.957878
0.960830
0.960921
0.961009
0.961505
0.961342
0.961782
0.961585
0.961621
0.961546
0.961840
0.961784
0.961697
0.961711
0.964880
0.965185
0.964994
0.965400
0.965122
0.965172
0.965412
0.965742
0.965506
0.965824
0.965689
0.966101
0.969186
0.969169
0.968901
0.969429
0.969620
0.969306
0.970046
0.969648
0.969980
0.970266
0.970046
0.970350
0.973093
0.973433
0.973144
0.973585
0.973132
0.973224
0.973819
0.973735
0.974046
0.973979
0.974257
0.974293
0.974091
0.974375
0.977673
0.978000
0.977919
0.977410
0.978341
0.977578
0.978314
0.977732
0.978502
0.978032
0.978289
0.979075
0.979107
0.978906
0.979126
0.982234
0.982929
0.982459
0.983123
0.982703
0.983521
0.982659
0.983727
0.983110
0.983004
0.983475
0.983214
0.986624
0.987056
0.987098
0.986801
0.986914
0.987302
0.987025
0.987204
0.987545
0.987323
0.987371
0.987761
0.987588
0.987742
0.987863
0.987963
0.988277
0.988010
0.988290
0.988177
0.992709
0.992725
0.993000
0.993000
0.993019
0.993183
0.993180
0.993415
0.993599
0.993614
0.993756
0.993912
0.993857
0.997630
0.997688
0.997731
0.997793
0.997931
0.998097
0.998092
0.998421
0.998381
0.998439
0.998602
0.998745
0.998719
0.998757
1.002755
1.002895
1.002919
1.002975
1.003166
1.003385
1.003452
1.003371
1.003775
1.003719
1.003958
1.004027
1.008034
1.008071
1.008247
1.008364
1.008495
1.008544
1.008607
1.008685
1.008900
1.008939
1.009159
1.009067
1.009228
1.009263
1.013463
1.013519
1.013668
1.013725
1.013871
1.013887
1.013956
1.014086
1.014074
1.014189
1.014273
1.014446
1.014520
1.014667
1.014785
1.018688
1.018824
1.018815
1.018910
1.019045
1.019128
1.019198
1.019197
1.019389
1.019465
1.019478
1.019658
1.023486
1.023724
1.023719
1.023690
1.023756
1.023744
1.023716
1.023804
1.024062
1.026831
1.026814
1.027155
1.027150
1.027164
1.027163
1.027241
1.027287
1.027403
1.027460
1.027965
1.027759
1.028240
1.028036
1.028291
1.028182
1.028348
1.028419
1.033220
1.032944
1.033069
1.033095
1.033209
1.033355
1.033480
1.033487
1.034027
1.033934
1.036926
1.036995
1.036987
1.037339
1.037420
1.037442
1.037469
1.037404
1.037430
1.040473
1.040587
1.040566
1.040776
1.040911
1.040774
1.040984
1.040833
1.041346
1.041055
1.041690
1.041649
1.041747
1.041664
1.041879
1.041836
1.041972
1.042030
1.042259
1.042069
1.042201
1.042234
1.047025
1.047113
1.047372
1.047407
1.047475
1.047575
1.047879
1.048056
1.047859
1.048626
1.047999
1.048594
1.052005
1.051876
1.052037
1.051996
1.052158
1.052154
1.052450
1.052274
1.052434
1.052649
1.052218
1.052764
1.052902
1.052406
1.053045
1.052471
1.052613
1.052619
1.052699
1.052704
1.057191
1.057245
1.057289
1.057408
1.057614
1.057722
1.057885
1.057967
1.058247
1.061611
1.061734
1.061843
1.061908
1.061905
1.061997
1.062065
1.062039
1.062278
1.062263
1.062216
1.062244
1.062366
1.066568
1.066525
1.066502
1.066819
1.066641
1.066745
1.066957
1.067263
1.067473
1.067455
1.067961
1.067841
1.067924
1.067887
1.071647
1.071817
1.071912
1.071999
1.071983
1.072187
1.072258
1.072327
1.072472
1.072580
1.075763
1.075907
1.076014
1.076189
1.076107
1.076502
1.076545
1.076512
1.076697
1.076725
1.076736
1.076808
1.077027
1.076874
1.080575
1.080612
1.080644
1.080704
1.080750
1.081017
1.081198
1.081333
1.081412
1.081807
1.085027
1.085200
1.084816
1.085161
1.085057
1.085115
1.085162
1.085513
1.085779
1.085660
1.085634
1.085923
1.085723
1.085678
1.086024
1.086188
1.085982
1.085844
1.086171
1.086289
1.086381
1.091012
1.091016
1.091044
1.091239
1.091136
1.091214
1.091702
1.091450
1.091490
1.091516
1.091911
1.091972
1.092160
1.092343
1.092214
1.092248
1.092250
1.092243
1.096837
1.096841
1.096993
1.097115
1.097254
1.097431
1.097472
1.097402
1.097533
1.097550
1.097760
1.097639
1.097763
1.101388
1.101543
1.101775
1.101864
1.101861
1.102317
1.102318
1.102506
1.102740
1.102837
1.102735
1.102911
1.102857
1.106750
1.106797
1.106941
1.106985
1.107136
1.107281
1.107295
1.107583
1.107720
1.107719
1.107776
1.112226
1.112419
1.112433
1.112648
1.112687
1.112827
1.113017
1.113112
1.113297
1.113375
1.113382
1.113618
1.113544
1.113622
1.117744
1.117781
1.117842
1.117917
1.118195
1.118131
1.118273
1.118426
1.118542
1.118522
1.121806
1.121882
1.121911
1.122096
1.122087
1.122251
1.122269
1.122728
1.122530
1.122660
1.122752
1.122896
1.122828
1.123055
1.126766
1.126626
1.126881
1.126995
1.126775
1.127098
1.127558
1.127634
1.127239
1.127255
1.127280
1.127294
1.130398
1.130270
1.130656
1.130658
1.130663
1.130661
1.132983
1.133227
1.133337
1.133338
1.133443
1.135202
1.135284
1.135313
1.135338
1.135492
1.135804
1.136103
1.138120
1.138165
1.138221
1.138123
1.138159
1.138303
1.140364
1.140528
1.140170
1.140282
1.140774
1.140725
1.140515
1.142562
1.142587
1.142621
1.142566
1.142853
1.142786
1.142775
1.143078
1.144691
1.144695
1.144987
1.144929
1.145255
1.145260
1.146910
1.146954
1.147012
1.146926
1.147204
1.147226
1.147394
1.147383
1.149174
1.149389
1.149327
1.149383
1.149508
1.149669
1.151283
1.151274
1.151422
1.151430
1.152818
1.152885
1.152976
1.153239
1.153259
1.154458
1.172204
1.172975
1.173172
1.173233
1.173284
1.173317
1.178969
1.182351
1.180085
1.180604
1.183859
1.181747
1.184654
1.182416
1.185387
1.183253
1.183078
1.183350
1.185613
1.184074
1.186212
1.186398
1.184745
1.186863
1.187035
1.187717
1.187289
1.185803
1.187808
1.185935
1.186279
1.188622
1.188608
1.188690
1.188316
1.188839
1.188141
1.188449
1.190417
1.190583
1.188737
1.190704
1.188828
1.188781
1.190800
1.190745
1.189572
1.191175
1.191294
1.192084
1.194556
1.194593
1.194809
1.193008
1.193122
1.196487
1.196890
1.194645
1.197514
1.195475
1.198070
1.198646
1.196859
1.199398
1.199849
1.200267
1.199530
1.199791
1.202314
1.199866
1.199957
1.203216
1.203791
1.201402
1.204049
1.201881
1.201946
1.202596
1.205356
1.205709
1.204005
1.204230
1.206917
1.207336
1.208428
1.208533
1.206269
1.209493
1.209642
1.210657
1.208604
1.211542
1.211803
1.212591
1.210506
1.211042
1.213652
1.213916
1.214492
1.212462
1.212990
1.215868
1.216089
1.213967
1.216640
1.214630
1.217776
1.218261
1.218987
1.219489
1.220715
1.220859
1.221522
1.219882
1.223388
1.223710
1.221560
1.224160
1.224143
1.224767
1.223246
1.225482
1.223841
1.226267
1.227001
1.227652
1.228180
1.228917
1.229391
1.227699
1.230075
1.230779
1.229458
1.229778
1.232100
1.230461
1.232953
1.231682
1.234006
1.234696
1.234877
1.235360
1.236700
1.236893
1.238360
1.238999
1.239110
1.239697
1.240006
1.238793
1.241119
1.241378
1.241925
1.243108
1.242385
1.243981
1.244966
1.244200
1.245843
1.245911
1.246983
1.247412
1.248520
1.247962
1.248041
1.248221
1.248716
1.249489
1.251294
1.251362
1.252574
1.251663
1.253392
1.253922
1.253845
1.255245
1.255728
1.255914
1.256700
1.256911
1.257448
1.256603
1.257090
1.258343
1.258036
1.258245
1.259585
1.259201
1.260412
1.260144
1.261413
1.261703
1.261078
1.262280
1.261576
1.262944
1.263339
1.264076
1.263714
1.264951
1.264451
1.264526
1.266276
1.266611
1.266922
1.266412
1.267478
1.268081
1.267895
1.269434
1.269058
1.270038
1.270439
1.270730
1.271446
1.271422
1.272487
1.272642
1.272663
1.273616
1.273906
1.275017
1.275239
1.275056
1.275887
1.276300
1.277128
1.277937
1.278668
1.278641
1.279305
1.279824
1.280246
1.280982
1.281199
1.281195
1.281909
1.282001
1.282429
1.283063
1.283402
1.283618
1.283973
1.284441
1.284711
1.285953
1.286202
1.286158
1.287547
1.287735
1.288954
1.332654
1.330346
1.333136
1.330753
1.330782
1.327845
1.328119
1.328150
1.333306
1.335599
1.333941
1.334018
1.334076
1.334538
1.334692
1.335650
1.336331
1.333021
1.333581
1.337973
1.334527
1.334994
1.339883
1.340147
1.336550
1.336980
1.341380
1.337254
1.337349
1.338483
1.342872
1.339519
1.343742
1.339570
1.339712
1.340823
1.341010
1.345313
1.341259
1.341308
1.346871
1.342689
1.347852
1.343924
1.348204
1.349287
1.349583
1.350229
1.351180
1.347528
1.351444
1.347711
1.349358
1.349359
1.353348
1.349583
1.353418
1.349623
1.355055
1.351329
1.352085
1.352834
1.353253
1.357261
1.353511
1.358254
1.354667
1.354678
1.355875
1.355844
1.355928
1.359786
1.356075
1.361172
1.361160
1.357602
1.361319
1.357838
1.362764
1.359398
1.359445
1.363083
1.359535
1.360809
1.364590
1.364693
1.362200
1.362251
1.365867
1.366000
1.366079
1.367594
1.364307
1.364404
1.364504
1.368023
1.369599
1.366248
1.366318
1.370788
1.367487
1.370943
1.367595
1.367637
1.367630
1.368490
1.371985
1.368611
1.372084
1.369930
1.373439
1.370277
1.373713
1.375276
1.371929
1.372863
1.372958
1.376461
1.373279
1.373303
1.378146
1.374821
1.378365
1.375069
1.375213
1.375238
1.379768
1.379855
1.376489
1.376497
1.380833
1.377452
1.380940
1.377532
1.381033
1.381615
1.378254
1.381745
1.379038
1.382543
1.383275
1.380337
1.380366
1.380556
1.383984
1.381200
1.381777
1.385219
1.381802
1.382161
1.382222
1.382229
1.386447
1.382910
1.386992
1.383813
1.383979
1.387640
1.388042
1.384597
1.384694
1.385602
1.386094
1.389345
1.389197
1.386269
1.386608
1.390497
1.387089
1.388482
1.391875
1.388734
1.389413
1.392496
1.389244
1.389995
1.390183
1.389686
1.391005
1.394095
1.390650
1.391075
1.394722
1.392223
1.395293
1.395680
1.393054
1.393134
1.396166
1.396815
1.394192
1.394525
1.394284
1.394284
1.395068
1.395368
1.394988
1.398612
1.398672
1.395144
1.399379
1.399803
1.396267
1.397614
1.397225
1.401109
1.401282
1.398247
1.401970
1.399403
1.398697
1.399754
1.402580
1.399193
1.399374
1.400127
1.403808
1.403937
1.400442
1.401952
1.402095
1.405169
1.405418
1.401708
1.402974
1.401796
1.403375
1.403724
1.403737
1.406735
1.404299
1.407134
1.405022
1.403973
1.404028
1.404715
1.406054
1.408795
1.406595
1.406642
1.405973
1.407386
1.410249
1.410281
1.410604
1.408413
1.408603
1.411285
1.408911
1.409210
1.408167
1.409247
1.412411
1.409521
1.412618
1.412623
1.413085
1.409924
1.413750
1.414265
1.411850
1.415120
1.412520
1.412653
1.412752
1.412188
1.412546
1.413057
1.416544
1.414123
1.413810
1.414178
1.414919
1.417824
1.414736
1.415606
1.415624
1.415686
1.415750
1.419166
1.416894
1.417000
1.420251
1.420398
1.420646
1.417866
1.417367
1.421225
1.417938
1.418480
1.419330
1.422183
1.418866
1.419791
1.419415
1.420650
1.423871
1.424246
1.421353
1.421793
1.421353
1.425143
1.425253
1.422771
1.422644
1.426174
1.423538
1.423305
1.423489
1.427512
1.424234
1.427944
1.424987
1.428349
1.425212
1.425753
1.425848
1.429287
1.426154
1.426313
1.427178
1.430477
1.427253
1.428119
1.431113
1.427981
1.429014
1.432351
1.433082
1.433379
1.430703
1.431009
1.431390
1.434493
1.431100
1.434678
1.432778
1.435720
1.433004
1.433895
1.437207
1.434860
1.437765
1.434583
1.438589
1.435815
1.436483
1.436155
1.439477
1.440241
1.437101
1.440964
1.438356
1.441137
1.438504
1.438999
1.439574
1.442406
1.440101
1.440668
1.443440
1.441644
1.441265
1.444443
1.441935
1.441568
1.442714
1.443250
1.443728
1.444156
1.447071
1.444530
1.445348
1.445760
1.448666
1.446091
1.445787
1.448978
1.450384
1.450489
1.450525
1.447840
1.447498
1.450630
1.447936
1.449125
1.452224
1.449641
1.452436
1.449508
1.452566
1.451253
1.454020
1.451502
1.454253
1.451627
1.452602
1.455447
1.452785
1.452678
1.452873
1.455721
1.456784
1.454025
1.456506
1.454072
1.454226
1.456604
1.457782
1.455521
1.455562
1.455637
1.456623
1.459060
1.456813
1.457532
1.457534
1.460006
1.457619
1.460174
1.460170
1.459343
1.459663
1.462169
1.459840
1.459949
1.462149
1.462129
1.464668
1.465993
1.466048
1.463663
1.463888
1.463913
1.463884
1.464929
1.464945
1.468282
1.465794
1.468425
1.465939
1.466324
1.469388
1.466936
1.469531
1.467892
1.467564
1.470525
1.468276
1.468411
1.468637
1.471637
1.471711
1.470167
1.469549
1.470290
1.473237
1.470447
1.471139
1.474172
1.471268
1.474293
1.450591
1.475178
1.450993
1.451516
1.451632
1.451714
1.476708
1.452406
1.452424
1.476877
1.453034
1.453282
1.453187
1.478546
1.478562
1.454522
1.479175
1.454695
1.455086
1.455861
1.455642
1.480287
1.456122
1.456122
1.481156
1.457017
1.456659
1.457252
1.482027
1.458311
1.458014
1.482647
1.483389
1.459362
1.459029
1.484246
1.459835
1.460148
1.460150
1.460550
1.485491
1.461115
1.486176
1.486309
1.461858
1.462621
1.463014
1.487222
1.463143
1.463405
1.488007
1.464354
1.488573
1.464437
1.464919
1.464584
1.465477
1.465516
1.466057
1.490464
1.466019
1.466891
1.491223
1.491310
1.466914
1.467605
1.467446
1.492007
1.492679
1.468729
1.469587
1.469529
1.469912
1.469918
1.494293
1.470677
1.470529
1.495196
1.471342
1.471372
1.495990
1.472080
1.496723
1.472285
1.472930
1.472936
1.497607
1.473657
1.473699
1.498344
1.474297
1.474462
1.498892
1.474485
1.499568
1.500342
1.475959
1.476967
1.501405
1.476999
1.477793
1.477661
1.477845
1.502256
1.478473
1.478735
1.478787
1.503108
1.478794
1.479363
1.503944
1.480120
1.479989
1.480393
1.505100
1.480602
1.506272
1.482473
1.507070
1.507987
1.483895
1.483735
1.484112
1.484299
1.509536
1.485045
1.485408
1.509746
1.485250
1.485612
1.486958
1.486796
1.511415
1.487883
1.512537
1.488276
1.488464
1.512664
1.514133
1.489817
1.490146
1.514440
1.490098
1.490066
1.490510
1.514769
1.516458
1.491829
1.492336
1.493465
1.493560
1.518023
1.518235
1.493616
1.493685
1.518374
1.493754
1.519579
1.495962
1.495936
1.496064
1.520077
1.496260
1.521623
1.497831
1.521837
1.497828
1.498170
1.497910
1.523724
1.500065
1.524017
1.500394
1.524305
1.500513
1.502111
1.504589
1.502152
1.504849
1.504920
1.502489
1.504353
1.506912
1.504211
1.506926
1.504548
1.505780
1.508416
1.505964
1.506237
1.508849
1.506433
1.506250
1.506489
1.510834
1.508415
1.508432
1.511240
1.508829
1.512747
1.510302
1.510305
1.512916
1.510602
1.510641
1.513124
1.512512
1.514870
1.512562
1.515141
1.512841
1.512387
1.513077
1.515404
1.513147
1.517390
1.515261
1.514750
1.517653
1.515519
1.516567
1.516621
1.516911
1.517024
1.519810
1.518495
1.521290
1.518560
1.518859
1.521616
1.518822
1.521777
1.519232
1.521879
1.524027
1.521416
1.521453
1.524294
1.521582
1.524453
1.521901
1.524316
1.524350
1.524070
1.526641
1.526603
1.524408
1.526826
1.524526
1.526857
1.528605
1.526392
1.528836
1.526650
1.526590
1.526671
1.529204
1.526958
1.527113
1.529413
1.529457
1.531616
1.529521
1.529574
1.531807
1.532173
1.530109
1.532182
1.532291
1.534334
1.532475
1.532512
1.534668
1.532702
1.534774
1.532812
1.534961
1.536927
1.537192
1.535370
1.535478
1.537515
1.535529
1.537657
1.537660
1.537806
1.539860
1.538089
1.538028
1.540144
1.538127
1.540264
1.538512
1.540684
1.540818
1.542738
1.540814
1.540836
1.540899
1.543057
1.541069
1.541253
1.543373
1.543406
1.545956
1.544021
1.546219
1.544171
1.544350
1.546504
1.544505
1.548524
1.548680
1.546750
1.546867
1.549010
1.547025
1.547137
1.549174
1.547177
1.547237
1.551632
1.549664
1.551741
1.549879
1.552016
1.550076
1.550273
1.552320
1.550448
1.550432
1.551950
1.554634
1.554651
1.553303
1.553432
1.554928
1.553537
1.553663
1.555210
1.555208
1.557511
1.556162
1.556240
1.556323
1.556332
1.557909
1.556814
1.558197
1.556833
1.558237
1.560547
1.559331
1.560698
1.559466
1.559700
1.561045
1.559945
1.559969
1.561291
1.560036
1.563905
1.564032
1.562868
1.562881
1.563002
1.563088
1.563206
1.564649
1.564599
1.563415
1.563570
1.564690
1.566362
1.566434
1.567754
1.566635
1.567960
1.568165
1.568100
1.570186
1.570301
1.569237
1.569354
1.570579
1.569468
1.569606
1.569796
1.569863
1.571064
1.571097
1.573712
1.573830
1.572797
1.572947
1.572911
1.573055
1.574361
1.574615
1.576806
1.576826
1.575792
1.575889
1.576041
1.576135
1.577356
1.576314
1.577442
1.576346
1.576349
1.577568
1.580325
1.580432
1.579432
1.579614
1.579656
1.579792
1.581005
1.581131
1.580208
1.581337
1.583693
1.582760
1.582860
1.583929
1.582915
1.584112
1.583081
1.583333
1.583267
1.584397
1.583410
1.583555
1.583469
1.584538
1.586749
1.587833
1.586912
1.588040
1.586614
1.587165
1.586836
1.587391
1.588522
1.587585
1.587770
1.588777
1.587876
1.587948
1.588875
1.590771
1.590878
1.592364
1.591058
1.591139
1.592664
1.591385
1.591446
1.592911
1.592945
1.595700
1.595892
1.596096
1.594966
1.595014
1.595172
1.596614
1.595318
1.595352
1.595351
1.596784
1.595426
1.595446
1.595631
1.596952
1.600364
1.599199
1.600701
1.599428
1.599395
1.601017
1.601124
1.601210
1.601158
1.604134
1.604103
1.603018
1.604302
1.603198
1.604476
1.603351
1.603661
1.603549
1.604776
1.603769
1.603711
1.603772
1.604906
1.603809
1.608031
1.608164
1.607719
1.608341
1.607962
1.608180
1.608273
1.608355
1.608848
1.608953
1.608648
1.609034
1.608728
1.612304
1.612350
1.612059
1.612613
1.612762
1.612507
1.612973
1.612966
1.615454
1.615711
1.615410
1.615805
1.615806
1.616183
1.615969
1.616177
1.616284
1.616075
1.616594
1.616348
1.616682
1.616426
1.616728
1.616825
1.616789
1.616842
1.616870
1.616887
1.616858
1.617057
1.616852
1.621753
1.621755
1.621724
1.621840
1.622122
1.621965
1.622146
1.622185
1.622277
1.622662
1.622586
1.622831
1.622862
1.622718
1.622900
1.626887
1.626848
1.627202
1.627066
1.627205
1.627213
1.627339
1.627473
1.627370
1.627539
1.627596
1.627593
1.627669
1.627703
1.627824
1.627740
1.631381
1.631494
1.631708
1.631743
1.631768
1.631887
1.632035
1.632106
1.632234
1.632471
1.635660
1.635741
1.635833
1.635855
1.635888
1.635904
1.636151
1.636032
1.636199
1.636286
1.636420
1.636706
1.636614
1.636763
1.636841
1.640951
1.641103
1.641185
1.641196
1.641465
1.641634
1.641603
1.641836
1.642069
1.642019
1.642053
1.642085
1.642252
1.645682
1.645706
1.645810
1.645990
1.646031
1.646058
1.646199
1.646276
1.649190
1.649166
1.649409
1.649492
1.649577
1.649762
1.649831
1.649922
1.650059
1.650098
1.650135
1.650291
1.650423
1.650563
1.650576
1.650651
1.650551
1.650613
1.650621
1.650683
1.650658
1.650723
1.650949
1.656060
1.656210
1.656187
1.656350
1.656464
1.656481
1.656681
1.656868
1.657056
1.657080
1.657054
1.657179
1.657277
1.657186
1.657241
1.661079
1.661087
1.661187
1.661235
1.661329
1.661489
1.661536
1.661832
1.661780
1.661904
1.661868
1.662079
1.662072
1.662083
1.662143
1.666003
1.666147
1.665835
1.665983
1.666116
1.666111
1.666228
1.666315
1.666489
1.666568
1.667390
1.670517
1.670610
1.670673
1.670753
1.670813
1.671064
1.670970
1.671090
1.671147
1.671240
1.671329
1.671511
1.671578
1.671642
1.671716
1.676161
1.676570
1.676679
1.676626
1.676875
1.676878
1.679470
1.679583
1.679609
1.679571
1.679788
1.680009
1.680272
1.680168
1.680354
1.680248
1.680284
1.680368
1.680432
1.683902
1.683962
1.683952
1.684116
1.684555
1.684540
1.684539
1.684738
1.684988
1.684808
1.684962
1.684930
1.685023
1.684974
1.685030
1.685099
1.685083
1.685213
1.689305
1.689239
1.689266
1.689289
1.689485
1.689677
1.689451
1.689694
1.689755
1.689916
1.689729
1.689881
1.689845
1.693073
1.693216
1.693634
1.693496
1.693850
1.693801
1.693740
1.693784
1.694199
1.694318
1.694167
1.694467
1.694169
1.694445
1.697847
1.697730
1.697707
1.697748
1.697850
1.697870
1.698246
1.698014
1.698260
1.698214
1.698673
1.698953
1.698996
1.699065
1.699090
1.703038
1.703198
1.703241
1.703163
1.703202
1.703317
1.703306
1.703413
1.703567
1.703754
1.703666
1.703726
1.703985
1.704075
1.704235
1.704177
1.704299
1.704178
1.704271
1.704197
1.708901
1.708978
1.709027
1.709157
1.709212
1.709288
1.709399
1.712212
1.712260
1.712396
1.712407
1.712650
1.712668
1.712785
1.712948
1.713024
1.713080
1.713171
1.713249
1.713281
1.716737
1.716829
1.716868
1.716897
1.717035
1.717782
1.717775
1.720294
1.720297
1.720460
1.720448
1.720623
1.721070
1.720829
1.720782
1.721201
1.720933
1.721029
1.721315
1.724371
1.724789
1.724599
1.724625
1.724763
1.724688
1.724824
1.724966
1.725058
1.725203
1.725741
1.725856
1.725903
1.726066
1.725960
1.725962
1.725993
1.725990
1.726094
1.726049
1.730200
1.730248
1.730182
1.730307
1.730222
1.730288
1.730654
1.730652
1.730728
1.730673
1.730684
1.730713
1.730743
1.730829
1.731155
1.731002
1.734901
1.734888
1.734855
1.735021
1.735054
1.735062
1.735132
1.735238
1.734832
1.734928
1.735168
1.735268
1.735395
1.735322
1.735460
1.735465
1.735464
1.735605
1.735730
1.735751
1.735699
1.739904
1.739923
1.740092
1.740238
1.740206
1.740356
1.740531
1.740530
1.740672
1.740798
1.740834
1.744091
1.744279
1.744412
1.744478
1.744490
1.744564
1.744666
1.744818
1.744815
1.745105
1.745127
1.745320
1.745374
1.748981
1.749013
1.749166
1.749206
1.749484
1.749556
1.749630
1.752893
1.752896
1.752959
1.752902
1.753016
1.753215
1.753212
1.753364
1.753547
1.753550
1.753718
1.753614
1.757135
1.757174
1.757240
1.757304
1.757302
1.757428
1.757585
1.757539
1.757941
1.757857
1.758101
1.758113
1.758248
1.758227
1.758484
1.758422
1.762192
1.762239
1.762167
1.762452
1.762335
1.762366
1.762531
1.762607
1.762635
1.762640
1.762803
1.762903
1.763113
1.763012
1.763017
1.763188
1.763120
1.763260
1.767438
1.767365
1.767407
1.767432
1.767720
1.767710
1.767884
1.767941
1.768216
1.768185
1.768188
1.768222
1.768179
1.768291
1.768324
1.772041
1.772149
1.772417
1.772165
1.772483
1.772391
1.772407
1.772629
1.772701
1.772604
1.772725
1.772723
1.772908
1.773031
1.773145
1.773389
1.773377
1.773463
1.773385
1.777453
1.777535
1.777604
1.777665
1.777734
1.777734
1.777955
1.777994
1.778141
1.778167
1.778309
1.778391
1.778626
1.781779
1.781920
1.781938
1.781995
1.782061
1.782069
1.782138
1.785020
1.785154
1.785216
1.785142
1.785216
1.785341
1.785350
1.785397
1.785338
1.785574
1.785547
1.785527
1.787136
1.787117
1.787255
1.787200
1.787309
1.787397
1.787629
1.787694
1.787591
1.787610
1.787590
1.787761
1.787747
1.787728
1.787737
1.787794
1.789636
1.789654
1.789670
1.789775
1.790584
1.790808
1.790879
1.791101
1.791069
1.791026
1.792326
1.792257
1.791996
1.792583
1.793711
1.793152
1.794725
1.795044
1.796484
1.796624
1.796689
1.797234
1.796964
1.798086
1.797718
1.798313
1.797983
1.798776
1.799184
1.799783
1.800217
1.800579
1.800777
1.800986
1.800770
1.801484
1.801818
1.801841
1.802176
1.802324
1.802559
1.803281
1.803517
1.803685
1.804015
1.804070
1.804344
1.804704
1.804725
1.805516
1.805211
1.805260
1.806412
1.806163
1.806155
1.806840
1.807104
1.808114
1.808270
1.808054
1.808916
1.808786
1.808444
1.808850
1.809464
1.810637
1.809896
1.810344
1.810270
1.810582
1.810923
1.811275
1.811772
1.811445
1.811536
1.812163
1.812657
1.812229
1.812173
1.813458
1.814407
1.813272
1.812972
1.814589
1.814228
1.814277
1.815097
1.814996
1.815078
1.815768
1.815517
1.817344
1.816710
1.816299
1.817335
1.816968
1.817788
1.818283
1.818347
1.817598
1.818162
1.817691
1.818935
1.818557
1.818669
1.819519
1.820247
1.819454
1.820101
1.821055
1.820879
1.821226
1.820513
1.821360
1.821300
1.821096
1.821764
1.822573
1.822286
1.822802
1.823161
1.823609
1.823515
1.823829
1.824337
1.824010
1.824070
1.824613
1.823987
1.824207
1.825082
1.825780
1.825789
1.825848
1.825912
1.825551
1.826499
1.826931
1.826484
1.827168
1.827379
1.828005
1.828065
1.827519
1.828998
1.829080
1.828749
1.828559
1.828910
1.830377
1.829866
1.830429
1.830488
1.830020
1.830533
1.830297
1.831307
1.831893
1.831449
1.832394
1.832829
1.832486
1.832638
1.832887
1.833576
1.833735
1.834043
1.833900
1.834208
1.834133
1.835418
1.835241
1.835254
1.835335
1.836323
1.836320
1.836702
1.836401
1.836506
1.836842
1.837703
1.837537
1.837536
1.837469
1.838050
1.838669
1.839025
1.838715
1.838901
1.838732
1.839981
1.839760
1.840080
1.840309
1.840810
1.841265
1.841427
1.841104
1.842333
1.842032
1.842502
1.842561
1.843106
1.843528
1.843321
1.844039
1.844410
1.844142
1.844626
1.844631
1.844730
1.845305
1.845745
1.845642
1.845911
1.845878
1.846733
1.846586
1.846954
1.846704
1.847589
1.847934
1.847663
1.847779
1.848634
1.848873
1.848820
1.849094
1.849683
1.849750
1.849914
1.850132
1.850670
1.850839
1.850463
1.851097
1.850967
1.851550
1.852059
1.851587
1.852534
1.853069
1.853166
1.853877
1.853520
1.854386
1.854415
1.854601
1.854565
1.855236
1.855446
1.855431
1.855643
1.856586
1.856479
1.856640
1.857125
1.857281
1.857194
1.857523
1.857447
1.858416
1.858553
1.859180
1.859185
1.859330
1.859160
1.860151
1.859979
1.860752
1.860756
1.860661
1.860852
1.861524
1.862051
1.862904
1.863043
1.862950
1.862931
1.863281
1.863929
1.863982
1.864658
1.865127
1.865105
1.865054
1.865977
1.866029
1.866692
1.867357
1.867438
1.868156
1.868029
1.868151
1.868280
1.868683
1.870264
1.870374
1.870291
1.870317
1.870512
1.870529
1.871584
1.871600
1.871492
1.872574
1.873137
1.873293
1.873234
1.873854
1.874098
1.874300
1.874741
1.875097
1.875183
1.875604
1.875890
1.876391
1.876391
1.876940
1.877241
1.877336
1.878024
1.878338
1.878486
1.878895
1.879144
1.879186
1.879249
1.879588
1.879834
1.880228
1.880260
1.880359
1.880772
1.881314
1.881630
1.881930
1.882434
1.882499
1.882863
1.882926
1.883157
1.883956
1.883720
1.884465
1.884624
1.885004
1.885046
1.885470
1.885846
1.885997
1.886080
1.886690
1.886851
1.887571
1.887831
1.888179
1.888095
1.888544
1.888539
1.889059
1.888787
1.889197
1.889634
1.889488
1.889927
1.890263
1.890988
1.891112
1.891721
1.891777
1.891952
1.891627
1.891968
1.892581
1.892560
1.893001
1.893610
1.893499
1.893040
1.893624
1.894338
1.894528
1.894592
1.894452
1.895316
1.895556
1.895848
1.895107
1.896425
1.896595
1.895887
1.897055
1.897798
1.897889
1.898511
1.897782
1.898531
1.899056
1.899603
1.898893
1.898949
1.900581
1.899565
1.900890
1.900700
1.901899
1.902667
1.901700
1.902975
1.902636
1.904062
1.902982
1.904292
1.904065
1.904821
1.904970
1.904355
1.905628
1.906367
1.907027
1.906687
1.907304
1.908634
1.907488
1.908280
1.907613
1.908920
1.909742
1.910446
1.909948
1.910674
1.909795
1.912016
1.910832
1.911245
1.911062
1.912421
1.912536
1.912529
1.913960
1.913074
1.912656
1.912806
1.913461
1.912979
1.914522
1.915517
1.915251
1.916819
1.915908
1.916964
1.916986
1.917562
1.918777
1.917364
1.918979
1.917912
1.917551
1.917586
1.919182
1.921318
1.920411
1.920035
1.920609
1.921758
1.920772
1.920391
1.922092
1.920527
1.921049
1.922753
1.924470
1.923575
1.924850
1.923222
1.923772
1.925006
1.923827
1.925654
1.927489
1.926354
1.926091
1.927822
1.926687
1.926340
1.927005
1.928241
1.928268
1.926572
1.927158
1.929589
1.931014
1.929313
1.930059
1.930993
1.929800
1.930346
1.931161
1.929953
1.932372
1.932919
1.932953
1.932682
1.933975
1.933454
1.933002
1.934272
1.933074
1.934307
1.933513
1.933204
1.937217
1.936181
1.936606
1.937562
1.936880
1.937751
1.937106
1.938034
1.937191
1.940329
1.940315
1.939597
1.940527
1.939764
1.939678
1.940751
1.940105
1.939993
1.940084
1.940214
1.941106
1.943135
1.944006
1.943248
1.944158
1.943302
1.943561
1.943496
1.944538
1.943608
1.943868
1.943793
1.944859
1.944299
1.945047
1.944367
1.948460
1.948584
1.948081
1.948851
1.948352
1.948216
1.948190
1.948223
1.949143
1.948456
1.949192
1.948528
1.948458
1.952246
1.951501
1.951460
1.952383
1.951640
1.952542
1.951828
1.952709
1.951841
1.951930
1.951893
1.951977
1.952761
1.952073
1.952789
1.953984
1.954784
1.954085
1.954178
1.954288
1.954956
1.955015
1.954486
1.955139
1.954660
1.954675
1.955342
1.957103
1.956707
1.956797
1.957406
1.956874
1.956971
1.957595
1.957104
1.957305
1.957414
1.957396
1.957898
1.957519
1.957931
1.957536
1.957476
1.960140
1.959822
1.959852
1.960431
1.960057
1.960169
1.960165
1.962055
1.962108
1.962296
1.962019
1.962047
1.962438
1.962200
1.964023
1.963829
1.964197
1.963902
1.964102
1.964243
1.964712
1.964295
1.964543
1.964773
1.966119
1.966078
1.966436
1.965657
1.966718
1.965956
1.966711
1.968297
1.967561
1.968545
1.967901
1.967702
1.968648
1.968798
1.969309
1.970127
1.970148
1.969501
1.970293
1.970454
1.969672
1.970525
1.971024
1.971824
1.972050
1.972172
1.972188
1.971399
1.972870
1.973551
1.973082
1.972799
1.973822
1.973046
1.974215
1.974651
1.975289
1.974793
1.975421
1.976151
1.975861
1.975755
1.976367
1.976124
1.977760
1.977352
1.977330
1.977890
1.978597
1.978380
1.979128
1.978863
1.978810
1.979180
1.978944
1.980207
1.979988
1.980115
1.980778
1.981207
1.980970
1.981697
1.981477
1.981216
1.983005
1.982874
1.982575
1.983212
1.983418
1.983955
1.983659
1.984193
1.984027
1.985015
1.984753
1.985667
1.985445
1.985479
1.985688
1.986138
1.986630
1.986350
1.986715
1.987818
1.987766
1.987511
1.988285
1.988310
1.988076
1.988381
1.990403
1.990643
1.990567
1.990637
1.990729
1.991113
1.992779
1.992691
1.992997
1.993005
1.993049
1.993568
1.993297
1.993613
1.995309
1.995697
1.995458
1.995628
1.995915
1.995738
1.995819
1.996095
1.995855
1.995887
1.998395
1.998281
1.998223
1.998388
1.998793
1.998662
1.998929
1.998812
1.998697
2.001246
2.001327
2.001224
2.001454
2.001630
2.001555
2.001806
2.001878
2.001833
2.001956
2.001991
2.004509
2.004708
2.004697
2.005017
2.005120
2.005116
2.005321
2.005245
2.005309
2.005389
2.007947
2.008052
2.008039
2.008234
2.008306
2.008346
2.008505
2.008636
2.008692
2.008750
2.008761
2.008819
2.008843
2.011854
2.011956
2.011933
2.012103
2.012176
2.012270
2.012456
2.012488
2.012604
2.012797
2.012806
2.012774
2.012807
2.012906
2.016045
2.016244
2.016306
2.016333
2.016556
2.016513
2.016700
2.016775
2.016853
2.016990
2.016925
2.016944
2.017128
2.017026
2.020438
2.020760
2.020900
2.020851
2.020828
2.021052
2.021452
2.021358
2.021666
2.021399
2.021733
2.021566
2.021584
2.021827
2.025009
2.024957
2.025103
2.025177
2.025535
2.025547
2.025905
2.025721
2.025864
2.026250
2.025725
2.026331
2.025878
2.025884
2.025918
2.026474
2.029874
2.029892
2.030533
2.029687
2.030323
2.030411
2.030937
2.030101
2.030643
2.030477
2.031433
2.031392
2.031449
2.030689
2.030700
2.031309
2.035196
2.034842
2.034987
2.035074
2.035103
2.035210
2.035268
2.035548
2.035682
2.035752
2.035777
2.035797
2.035940
2.039300
2.039429
2.039527
2.039562
2.039634
2.039843
2.040168
2.040362
2.040331
2.040363
2.040484
2.040490
2.043709
2.043835
2.043949
2.044020
2.044101
2.044044
2.044188
2.044241
2.044315
2.044476
2.044549
2.044648
2.044865
2.044955
2.048824
2.048825
2.048970
2.048987
2.049146
2.049125
2.049207
2.049399
2.049423
2.049716
2.049692
2.049720
2.049827
2.049847
2.049871
2.053714
2.053783
2.053924
2.053961
2.054082
2.054271
2.054442
2.054560
2.054557
2.057821
2.058164
2.058011
2.058114
2.058231
2.058224
2.058463
2.058532
2.058888
2.058677
2.058890
2.058965
2.062375
2.062449
2.062444
2.062930
2.062572
2.062595
2.062730
2.063294
2.063004
2.063018
2.063133
2.063751
2.065714
2.065707
2.065727
2.065369
2.065343
2.065490
2.066079
2.065637
2.065641
2.066061
2.066146
2.065745
2.065704
2.066131
2.066147
2.066135
2.066117
2.066112
2.066109
2.068386
2.068228
2.068297
2.068585
2.068386
2.068450
2.068507
2.068869
2.068561
2.068640
2.069048
2.069064
2.069037
2.070843
2.070764
2.071096
2.070790
2.070955
2.070953
2.071094
2.071018
2.071401
2.071244
2.073206
2.073061
2.073107
2.073158
2.073251
2.073323
2.073431
2.073842
2.073650
2.073554
2.074021
2.076281
2.075982
2.076087
2.076192
2.076364
2.076406
2.078786
2.078371
2.078514
2.078475
2.078562
2.079260
2.078816
2.078721
2.078767
2.080925
2.081185
2.081824
2.081378
2.081464
2.082216
2.081516
2.081637
2.084096
2.083545
2.084353
2.084340
2.084806
2.084381
2.085830
2.085228
2.084703
2.085466
2.085454
2.087486
2.087799
2.086487
2.087946
2.087918
2.088623
2.088710
2.088810
2.089360
2.088773
2.089119
2.089884
2.090684
2.089611
2.090271
2.090962
2.089700
2.090734
2.091141
2.092189
2.091367
2.091207
2.091142
2.092741
2.092425
2.093915
2.092909
2.094003
2.093888
2.093978
2.095527
2.094330
2.094318
2.094659
2.095470
2.095466
2.096966
2.095975
2.095805
2.097265
2.096179
2.098476
2.097024
2.097610
2.097609
2.098311
2.099854
2.098654
2.100002
2.100146
2.098917
2.100079
2.101504
2.100123
2.100848
2.101217
2.101286
2.102530
2.101145
2.102162
2.103939
2.103954
2.102516
2.103442
2.104414
2.105635
2.104223
2.104660
2.106462
2.105447
2.105743
2.107112
2.105652
2.105976
2.107778
2.106725
2.106799
2.107698
2.108639
2.108731
2.107824
2.107801
2.107696
2.108622
2.108876
2.108775
2.110693
2.109707
2.111494
2.110669
2.111678
2.111795
2.111575
2.111798
2.112498
2.112472
2.113655
2.114248
2.113233
2.113344
2.113341
2.115133
2.114143
2.114170
2.115901
2.114822
2.115005
2.115631
2.115717
2.116687
2.116376
2.117485
2.118119
2.117307
2.117333
2.117967
2.119051
2.118655
2.119689
2.118712
2.118817
2.120584
2.119604
2.119859
2.121591
2.120499
2.121254
2.122369
2.121307
2.122147
2.122041
2.122877
2.122741
2.123909
2.123963
2.122912
2.123855
2.124839
2.123797
2.125599
2.124805
2.125367
2.126500
2.126977
2.127494
2.126669
2.127107
2.127162
2.127699
2.127939
2.129363
2.129456
2.129250
2.130416
2.130478
2.130487
2.130623
2.131652
2.132532
2.131732
2.133599
2.132930
2.132886
2.132990
2.133817
2.133088
2.134541
2.135417
2.134575
2.135603
2.134727
2.136286
2.136168
2.137227
2.136373
2.137383
2.136730
2.138330
2.139187
2.138441
2.138516
2.138800
2.139591
2.138569
2.141385
2.140755
2.140962
2.141800
2.140854
2.141155
2.143527
2.142623
2.142974
2.143895
2.142952
2.143328
2.145103
2.144887
2.145251
2.146116
2.145222
2.146391
2.145748
2.145235
2.146776
2.145402
2.145941
2.149087
2.148340
2.147897
2.149432
2.148306
2.148210
2.149661
2.148302
2.148511
2.120534
2.152021
2.120815
2.151042
2.120965
2.152481
2.151260
2.152621
2.154602
2.123251
2.154765
2.153641
2.123474
2.155083
2.123755
2.124210
2.155418
2.124192
2.124213
2.124072
2.158374
2.127033
2.127078
2.158654
2.127231
2.158923
2.127583
2.127658
2.127736
2.127737
2.130181
2.161700
2.130266
2.130377
2.162019
2.130573
2.130715
2.162348
2.130875
2.162429
2.130939
2.130996
2.162507
2.165343
2.165491
2.134105
2.134229
2.134362
2.166020
2.166061
2.166100
2.168297
2.136998
2.137125
2.137130
2.168774
2.137244
2.168941
2.137577
2.169105
2.171197
2.171315
2.140378
2.140418
2.171563
2.140707
2.140781
2.172014
2.172148
2.175942
2.144941
2.145074
2.145110
2.145145
2.176439
2.146512
2.145452
2.145480
2.146755
2.149422
2.148307
2.148424
2.148445
2.149786
2.150029
2.148981
2.150202
2.148943
2.150282
2.149066
2.150333
2.150340
2.153228
2.152105
2.152105
2.153486
2.152296
2.152317
2.152529
2.152584
2.152651
2.152769
2.154006
2.153982
2.156726
2.155689
2.156896
2.155876
2.155883
2.156000
2.156115
2.157262
2.156341
2.156517
2.156438
2.157605
2.157599
2.160768
2.160877
2.159885
2.161138
2.160389
2.160465
2.161579
2.160683
2.161672
2.160740
2.160818
2.163947
2.164006
2.164123
2.165198
2.164174
2.165452
2.165545
2.164546
2.164615
2.164679
2.165817
2.164818
2.166010
2.166085
2.165981
2.168824
2.168914
2.169847
2.169031
2.170057
2.169373
2.169466
2.170500
2.170533
2.169741
2.173532
2.173671
2.172873
2.172960
2.172984
2.173261
2.174080
2.173407
2.173434
2.174382
2.173592
2.174469
2.177545
2.177562
2.176962
2.177987
2.177215
2.177422
2.177388
2.178312
2.177691
2.177861
2.178392
2.177920
2.177860
2.178070
2.178788
2.182096
2.181697
2.181738
2.181804
2.181880
2.182014
2.182003
2.182750
2.182180
2.182925
2.182448
2.183027
2.186051
2.185703
2.186337
2.185707
2.186359
2.185916
2.186628
2.186219
2.186856
2.186528
2.189659
2.189635
2.189822
2.189753
2.189533
2.189482
2.190086
2.189939
2.190345
2.189990
2.190196
2.190215
2.190657
2.190324
2.190336
2.190696
2.194440
2.194167
2.194206
2.194690
2.193915
2.194896
2.194143
2.194273
2.194952
2.195063
2.195034
2.195143
2.195514
2.195549
2.195328
2.195630
2.199487
2.198836
2.199714
2.199027
2.199054
2.199238
2.199276
2.200176
2.199442
2.200253
2.199684
2.200336
2.200303
2.203668
2.203822
2.203283
2.203210
2.203452
2.203765
2.203497
2.203625
2.203686
2.204027
2.204223
2.204306
2.204297
2.204260
2.204413
2.204332
2.208062
2.208072
2.208097
2.208252
2.208318
2.208271
2.208448
2.208643
2.208537
2.208704
2.208812
2.208936
2.208986
2.209201
2.209271
2.209374
2.209299
2.213467
2.213634
2.213665
2.213770
2.213954
2.213877
2.214040
2.214057
2.214175
2.214237
2.214338
2.214394
2.217635
2.217775
2.217790
2.218116
2.218121
2.218414
2.218480
2.218593
2.218617
2.218761
2.221611
2.221756
2.221786
2.221921
2.222007
2.221967
2.222034
2.222097
2.222373
2.222408
2.222301
2.222401
2.222749
2.222846
2.222838
2.222924
2.226732
2.226807
2.226816
2.226940
2.227056
2.227290
2.227607
2.227610
2.227578
2.227597
2.227584
2.227810
2.227799
2.227817
2.227818
2.228036
2.231626
2.231739
2.231851
2.231850
2.231916
2.232041
2.232080
2.232291
2.232190
2.232416
2.232380
2.232559
2.232684
2.235889
2.235965
2.236021
2.236162
2.236148
2.236164
2.236385
2.236461
2.236890
2.236916
2.236828
2.237011
2.237065
2.237070
2.237230
2.237078
2.240983
2.241042
2.241172
2.241248
2.241323
2.241231
2.241451
2.241604
2.241602
2.241787
2.242016
2.242103
2.242244
2.242242
2.242262
2.242516
2.246745
2.246679
2.246816
2.246801
2.246931
2.246965
2.247108
2.247141
2.247216
2.247322
2.247485
2.247544
2.247723
2.251160
2.251373
2.251534
2.251595
2.251778
2.251684
2.251719
2.251861
2.251960
2.252164
2.255119
2.255167
2.255241
2.255386
2.255420
2.255394
2.255633
2.255663
2.255724
2.255722
2.255806
2.256000
2.256206
2.256196
2.256400
2.256582
2.260485
2.260665
2.260652
2.260644
2.260722
2.260903
2.260985
2.261099
2.261333
2.261500
2.261593
2.261643
2.261616
2.261625
2.261563
2.261526
2.263602
2.263651
2.263613
2.263832
2.263864
2.263866
2.263880
2.263944
2.264013
2.263538
2.263985
2.263615
2.263588
2.265177
2.265166
2.265281
2.265387
2.265331
2.265476
2.265483
2.265545
2.265515
2.265552
2.265610
2.265694
2.265628
2.265726
2.265890
2.265784
2.267763
2.267917
2.268205
2.270617
2.270849
2.270990
2.271080
2.271488
2.273761
2.273839
2.274576
2.274796
2.274483
2.277270
2.277360
2.277143
2.277125
2.277680
2.277178
2.277186
2.279949
2.280157
2.281644
2.281624
2.281463
2.281656
2.281694
2.281880
2.281652
2.281662
2.281613
2.281365
2.281199
2.281730
2.281344
2.282356
2.282239
2.282053
2.282405
2.282159
2.282087
2.281941
2.286414
2.286141
2.285964
2.285847
2.286752
2.287091
2.286729
2.287018
2.286685
2.287247
2.288943
2.288723
2.289559
2.289623
2.289567
2.289217
2.290892
2.291549
2.290990
2.291882
2.291389
2.292010
2.291910
2.292131
2.292212
2.292622
2.292184
2.292240
2.292351
2.292612
2.292902
2.293007
2.296527
2.296076
2.296238
2.296139
2.296657
2.296932
2.296610
2.296484
2.296811
2.296885
2.296710
2.297549
2.297449
2.296836
2.297733
2.297229
2.297572
2.297288
2.297614
2.302046
2.302572
2.302247
2.302432
2.302327
2.303063
2.303011
2.302722
2.303063
2.302766
2.302775
2.302765
2.302679
2.304042
2.302744
2.302869
2.302933
2.303337
2.307359
2.307362
2.307510
2.307520
2.307432
2.307737
2.307915
2.308001
2.308182
2.308236
2.308380
2.311484
2.311473
2.311595
2.311703
2.311843
2.311834
2.311998
2.312126
2.312182
2.312384
2.312536
2.312512
2.312765
2.312914
2.312725
2.312824
2.313077
2.317303
2.317534
2.317500
2.317777
2.317767
2.318086
2.318252
2.318251
2.318247
2.318352
2.318414
2.318409
2.318440
2.322209
2.322351
2.322439
2.322479
2.322571
2.322669
2.325494
2.325567
2.325563
2.325752
2.325750
2.325969
2.326032
2.326030
2.326064
2.326156
2.326137
2.326205
2.326488
2.326566
2.326733
2.326870
2.330549
2.330624
2.330724
2.330835
2.330819
2.330924
2.331077
2.330651
2.331450
2.331461
2.331521
2.331073
2.331667
2.331198
2.331223
2.331222
2.335249
2.335268
2.335297
2.335363
2.335424
2.335526
2.335521
2.335644
2.335904
2.336589
2.335813
2.335874
2.336763
2.336170
2.339236
2.339329
2.339405
2.339849
2.339643
2.339667
2.339780
2.340073
2.340351
2.340471
2.340562
2.340494
2.340566
2.340682
2.340619
2.340623
2.340630
2.340620
2.344582
2.344702
2.344799
2.344964
2.344807
2.345181
2.345207
2.345191
2.345348
2.345502
2.345608
2.345813
2.345735
2.345805
2.345870
2.345903
2.349756
2.349881
2.349884
2.349998
2.349968
2.350583
2.350582
2.350616
2.353305
2.353349
2.353572
2.353638
2.353644
2.353805
2.353848
2.354061
2.353946
2.354238
2.354088
2.354314
2.357696
2.357857
2.358064
2.357983
2.358204
2.358586
2.358601
2.358610
2.361349
2.361244
2.361338
2.361490
2.361603
2.361665
2.361681
2.361844
2.362154
2.361916
2.364941
2.364676
2.364726
2.365016
2.365006
2.365135
2.365117
2.365875
2.365881
2.365937
2.368459
2.368430
2.368521
2.368134
2.368168
2.368535
2.368266
2.368346
2.368475
2.368478
2.368606
2.368665
2.368706
2.368768
2.372674
2.372649
2.372108
2.372145
2.372218
2.372323
2.372356
2.372593
2.373369
2.372701
2.372800
2.373598
2.372890
2.373057
2.373729
2.373911
2.377261
2.377210
2.377511
2.376845
2.377066
2.377016
2.377827
2.377163
2.377958
2.378038
2.377351
2.377558
2.378260
2.378397
2.378262
2.377716
2.381789
2.381700
2.381363
2.381392
2.381586
2.382278
2.381689
2.381803
2.382004
2.382880
2.382893
2.383003
2.386189
2.385691
2.385793
2.386276
2.385960
2.386414
2.386530
2.386105
2.386258
2.386716
2.386348
2.387010
2.386590
2.386762
2.387213
2.387170
2.387176
2.387079
2.387254
2.387259
2.387251
2.387374
2.392060
2.392420
2.392623
2.392829
2.392865
2.392889
2.392952
2.392972
2.393003
2.393125
2.396120
2.396312
2.396431
2.396542
2.396744
2.396808
2.396895
2.396925
2.396984
2.397006
2.400128
2.400244
2.400248
2.400368
2.400081
2.400063
2.400212
2.400355
2.400447
2.400535
2.400678
2.400788
2.401372
2.401608
2.404910
2.404978
2.405070
2.405080
2.405028
2.405191
2.405306
2.405478
2.405440
2.405630
2.405604
2.405633
2.405738
2.405924
2.406025
2.406041
2.410044
2.410145
2.410275
2.410352
2.410463
2.410469
2.410503
2.410725
2.410912
2.410950
2.410999
2.410986
2.410981
2.411046
2.411262
2.411150
2.414859
2.414932
2.415031
2.415070
2.415085
2.415231
2.415292
2.415460
2.415591
2.415731
2.415696
2.415872
2.417778
2.417807
2.417879
2.417924
2.417967
2.418171
2.418010
2.418140
2.418271
2.418170
2.418202
2.418432
2.418509
2.418494
2.418418
2.418427
2.418533
2.418529
2.418536
2.418434
2.420698
2.420861
2.420799
2.420840
2.420871
2.421047
2.421102
2.421111
2.421128
2.421236
2.421229
2.421364
2.423737
2.423777
2.423809
2.423867
2.424067
2.424966
2.425123
2.425217
2.425501
2.425470
2.425675
2.425412
2.427013
2.426987
2.427149
2.427018
2.427367
2.427383
2.427243
2.428465
2.428577
2.430041
2.430817
2.431046
2.431302
2.431440
2.431922
2.431747
2.432341
2.432716
2.433179
2.433084
2.433271
2.433893
2.433750
2.434377
2.433885
2.434332
2.434744
2.435489
2.434965
2.435664
2.436246
2.436235
2.436406
2.436204
2.437104
2.436649
2.436976
2.437235
2.437805
2.437990
2.437917
2.437978
2.437908
2.438634
2.438890
2.439339
2.439587
2.439312
2.440155
2.439813
2.441518
2.441606
2.441932
2.442205
2.442977
2.443277
2.442520
2.442469
2.442663
2.442400
2.443125
2.443437
2.443592
2.443504
2.443998
2.444803
2.444464
2.445015
2.445604
2.445340
2.446249
2.446251
2.446259
2.446420
2.447428
2.447869
2.448107
2.447665
2.447607
2.448233
2.447860
2.449381
2.448958
2.449020
2.449119
2.451216
2.451786
2.450972
2.450997
2.452006
2.452196
2.452243
2.452506
2.452554
2.454551
2.453595
2.453636
2.453713
2.453859
2.453937
2.453995
2.455869
2.456007
2.457284
2.457355
2.456446
2.457456
2.456492
2.457452
2.456607
2.458579
2.458519
2.458817
2.458709
2.459997
2.459979
2.458848
2.460072
2.461025
2.462014
2.462047
2.461124
2.461207
2.461347
2.462427
2.462497
2.462597
2.463996
2.465013
2.465053
2.464125
2.464273
2.464347
2.465361
2.465093
2.464689
2.464692
2.464729
2.465286
2.464818
2.467872
2.467873
2.467950
2.468568
2.468713
2.468172
2.468337
2.468397
2.468539
2.468550
2.469128
2.468635
2.468595
2.469260
2.471799
2.471958
2.471812
2.471961
2.471982
2.472339
2.472980
2.472207
2.472443
2.473332
2.472596
2.472915
2.473532
2.472974
2.473618
2.473654
2.472892
2.477690
2.477325
2.477134
2.478090
2.478131
2.477751
2.477595
2.478508
2.477903
2.478631
2.478255
2.478273
2.478725
2.478306
2.482235
2.481707
2.481957
2.481775
2.482531
2.482628
2.482117
2.482342
2.482815
2.482371
2.482689
2.483227
2.482712
2.482958
2.483341
2.482990
2.483338
2.486006
2.486349
2.486310
2.486217
2.486374
2.486549
2.486710
2.486694
2.486801
2.486909
2.486801
2.486951
2.486825
2.489067
2.489095
2.489204
2.489146
2.489274
2.489465
2.489473
2.489708
2.489708
2.489809
2.489765
2.491908
2.492017
2.491966
2.491967
2.492125
2.492089
2.492383
2.492348
2.492603
2.492656
2.492895
2.497412
2.497463
2.497544
2.497461
2.497450
2.499846
2.499733
2.499935
2.500257
2.500466
2.500444
2.500529
2.502975
2.502955
2.502920
2.502757
2.503603
2.503365
2.503555
2.503573
2.503762
2.506005
2.506183
2.506473
2.506380
2.506319
2.508051
2.508069
2.508330
2.509599
2.509716
2.509952
2.510260
2.510003
2.510627
2.510770
2.510196
2.510885
2.510315
2.511282
2.510448
2.510857
2.510967
2.513226
2.513809
2.514061
2.513441
2.513905
2.513632
2.514194
2.516177
2.515404
2.516441
2.516761
2.516602
2.515822
2.517100
2.517109
2.516789
2.515981
2.519245
2.519771
2.518554
2.519951
2.519867
2.519878
2.519090
2.519996
2.519389
2.520229
2.520298
2.520318
2.520616
2.522693
2.523870
2.523943
2.523807
2.523025
2.523933
2.523179
2.524230
2.524455
2.523849
2.523356
2.523930
2.524849
2.526801
2.527998
2.527438
2.528018
2.528380
2.528411
2.527423
2.528192
2.527636
2.528441
2.528449
2.528362
2.528383
2.527913
2.528623
2.528574
2.528535
2.528716
2.528690
2.532907
2.532997
2.532951
2.532956
2.533135
2.533149
2.533108
2.533070
2.533033
2.533278
2.533642
2.533362
2.533803
2.533879
2.533908
2.533791
2.534062
2.534179
2.537994
2.538400
2.538138
2.538105
2.538380
2.538743
2.538901
2.538850
2.539187
2.539113
2.539151
2.539126
2.542433
2.542428
2.542546
2.542758
2.542920
2.542840
2.543081
2.543320
2.543569
2.543602
2.543677
2.543667
2.547034
2.547337
2.547171
2.547184
2.547525
2.547352
2.547593
2.547906
2.548007
2.548044
2.548079
2.551525
2.551717
2.551684
2.551777
2.551898
2.551986
2.552168
2.552125
2.552311
2.552371
2.552407
2.552526
2.552595
2.552627
2.552620
2.556692
2.556854
2.556832
2.557024
2.557086
2.557206
2.557307
2.557505
2.557565
2.557479
2.557580
2.557530
2.560812
2.560865
2.560906
2.561025
2.561128
2.561044
2.561275
2.561277
2.561511
2.561419
2.561713
2.561548
2.561721
2.561908
2.561949
2.562017
2.561888
2.562079
2.566287
2.566296
2.566361
2.566477
2.566514
2.567013
2.566924
2.566930
2.567020
2.567209
2.567278
2.567454
2.567491
2.567477
2.567406
2.567491
2.571247
2.571337
2.571356
2.571406
2.571522
2.571634
2.571701
2.571764
2.571934
2.572062
2.571982
2.572123
2.572213
2.572371
2.572503
2.572545
2.575772
2.575858
2.575848
2.575999
2.576046
2.575986
2.576095
2.576113
2.576229
2.576308
2.576466
2.576517
2.578279
2.578427
2.578620
2.578546
2.578715
2.578662
2.578807
2.578788
2.578852
2.578861
2.578819
2.580445
2.580448
2.580537
2.580545
2.580432
2.580616
2.580604
2.580715
2.580850
2.581150
2.581073
2.581168
2.581212
2.581256
2.583416
2.583566
2.583678
2.583851
2.583909
2.583919
2.583915
2.585237
2.585259
2.584836
2.585285
2.584942
2.584993
2.585064
2.585696
2.585201
2.585108
2.585395
2.586736
2.586658
2.586897
2.587785
2.587965
2.588501
2.589146
2.589825
2.589930
2.590261
2.590433
2.590433
2.591011
2.591238
2.591461
2.593636
2.594014
2.594115
2.594432
2.594654
2.594895
2.595396
2.595267
2.595741
2.596180
2.596416
2.596741
2.597738
2.597834
2.598089
2.598128
2.598469
2.598933
2.598891
2.598906
2.598871
2.599931
2.600401
2.601238
2.601157
2.601304
2.601367
2.602534
2.602633
2.602474
2.602888
2.602623
2.603056
2.604118
2.603959
2.604401
2.604275
2.604431
2.604330
2.605203
2.605517
2.605599
2.605739
2.605645
2.605488
2.606050
2.606450
2.606732
2.606582
2.606874
2.606859
2.606965
2.606858
2.609573
2.609362
2.609306
2.609421
2.609497
2.609474
2.609679
2.612059
2.612048
2.612045
2.612062
2.612078
2.613822
2.613990
2.614311
2.614074
2.614252
2.614341
2.614638
2.614468
2.614583
2.616979
2.617414
2.617103
2.617581
2.617432
2.617597
2.617591
2.619491
2.619566
2.619856
2.619851
2.621758
2.621481
2.621545
2.621547
2.621654
2.621793
2.621825
2.621814
2.621884
2.622597
2.622170
2.622193
2.622623
2.622279
2.622199
2.625663
2.625627
2.625999
2.626100
2.625978
2.625983
2.626074
2.626359
2.626167
2.628483
2.628482
2.628708
2.629100
2.628758
2.629068
2.628604
2.629261
2.629135
2.629084
2.631280
2.631705
2.631904
2.631510
2.632030
2.632080
2.632476
2.632579
2.632032
2.632535
2.632743
2.632451
2.633026
2.632845
2.632849
2.633082
2.636430
2.636467
2.636506
2.636776
2.636841
2.636503
2.637049
2.636861
2.636834
2.637172
2.637475
2.637598
2.637378
2.637226
2.637262
2.641294
2.641601
2.641168
2.641472
2.641876
2.641330
2.641822
2.641655
2.642070
2.642404
2.641836
2.642440
2.642473
2.642276
2.642524
2.642430
2.642443
2.642419
2.642394
2.642373
2.642445
2.647075
2.647254
2.647037
2.647237
2.647688
2.647770
2.647600
2.648014
2.648161
2.650848
2.650886
2.650456
2.650606
2.651309
2.650675
2.650803
2.651479
2.650939
2.651064
2.651464
2.651514
2.654933
2.655040
2.654920
2.655141
2.655396
2.655282
2.655663
2.655482
2.655684
2.655983
2.656265
2.656341
2.656365
2.660060
2.660012
2.660269
2.660199
2.660331
2.660546
2.660571
2.660555
2.660637
2.660620
2.663889
2.663905
2.664001
2.664171
2.664272
2.664538
2.664716
2.664654
2.664779
2.664699
2.664784
2.664853
2.664827
2.664867
2.664964
2.664994
2.664995
2.665026
2.665057
2.665239
2.669378
2.669362
2.669546
2.669482
2.669673
2.669843
2.670008
2.670214
2.670224
2.670248
2.670455
2.673391
2.673404
2.673446
2.673629
2.673748
2.674103
2.674260
2.674037
2.674047
2.674080
2.674548
2.674432
2.674156
2.674456
2.677985
2.678138
2.678178
2.678317
2.678233
2.678836
2.678821
2.679049
2.679097
2.679090
2.679197
2.679232
2.679433
2.679282
2.679723
2.679342
2.679455
2.679450
2.683620
2.683857
2.683800
2.683757
2.684129
2.684141
2.684287
2.684361
2.684430
2.684444
2.687567
2.687687
2.687692
2.687807
2.687839
2.688471
2.688395
2.688551
2.688775
2.688500
2.688653
2.688688
2.688773
2.688739
2.688810
2.688794
2.688776
2.691350
2.691458
2.691515
2.691664
2.691687
2.691782
2.691790
2.691799
2.692007
2.691993
2.693789
2.693836
2.693876
2.693907
2.693903
2.693891
2.693876
2.694077
2.694207
2.694146
2.694133
2.694252
2.694167
2.694284
2.694416
2.696727
2.696788
2.696703
2.696702
2.696773
2.696907
2.697124
2.697038
2.697305
2.697140
2.697321
2.699321
2.699286
2.699348
2.699309
2.699405
2.699534
2.699553
2.699665
2.699697
2.699889
2.699827
2.701969
2.701888
2.701916
2.702000
2.702290
2.702424
2.702202
2.702345
2.702266
2.702492
2.702483
2.704191
2.704328
2.704374
2.705116
2.705354
2.705124
2.705432
2.705396
2.708504
2.708787
2.708713
2.708723
2.708942
2.711685
2.712078
2.712429
2.712162
2.711818
2.714438
2.714025
2.713983
2.714743
2.714350
2.714552
2.715265
2.715504
2.714741
2.714649
2.715689
2.714704
2.718006
2.719148
2.718487
2.718257
2.718539
2.719359
2.719406
2.719488
2.718985
2.718979
2.719158
2.719805
2.719262
2.719241
2.719570
2.723057
2.722878
2.723016
2.723310
2.723509
2.722878
2.723370
2.723006
2.723712
2.723482
2.726198
2.726347
2.726360
2.726255
2.726093
2.726164
2.726790
2.726912
2.726750
2.726664
2.727028
2.727205
2.727264
2.727286
2.726738
2.727234
2.727266
2.730743
2.730791
2.730828
2.731255
2.731373
2.731557
2.731891
2.731692
2.731388
2.734900
2.734845
2.735287
2.734731
2.735439
2.735530
2.735379
2.735616
2.735459
2.738394
2.738250
2.738050
2.738763
2.738859
2.738924
2.738915
2.739066
2.739092
2.739226
2.739376
2.739390
2.739592
2.739494
2.739595
2.739581
2.743426
2.743607
2.743752
2.743693
2.743880
2.743777
2.743884
2.743993
2.744047
2.744389
2.744176
2.744471
2.744248
2.744550
2.747953
2.748059
2.747881
2.748214
2.748080
2.748017
2.748524
2.748309
2.748723
2.748739
2.751478
2.751331
2.751560
2.751385
2.751796
2.751616
2.751992
2.752134
2.751872
2.752241
2.752320
2.752234
2.752557
2.752481
2.752752
2.752532
2.752750
2.752698
2.752802
2.757093
2.757196
2.757018
2.757058
2.757179
2.757261
2.757504
2.757494
2.757433
2.757847
2.757548
2.757857
2.757897
2.758162
2.758314
2.758117
2.758274
2.762346
2.762481
2.762554
2.762563
2.762654
2.762728
2.762833
2.762773
2.763011
2.763169
2.763227
2.763249
2.763247
2.763340
2.763363
2.767045
2.767072
2.767295
2.767571
2.767691
2.767788
2.768052
2.768047
2.768158
2.770911
2.771031
2.771156
2.771106
2.771309
2.771436
2.771512
2.771637
2.771804
2.771887
2.771811
2.772046
2.772099
2.772243
2.772150
2.772220
2.776391
2.776567
2.776670
2.776646
2.776797
2.777074
2.777113
2.777173
2.777249
2.777442
2.777420
2.777428
2.777611
2.777574
2.781169
2.781294
2.781337
2.781585
2.781661
2.781673
2.781816
2.781873
2.781882
2.781911
2.784763
2.784359
2.784428
2.784586
2.784505
2.784650
2.784626
2.784863
2.785045
2.785113
2.785187
2.785334
2.785527
2.785529
2.785652
2.789135
2.789212
2.789166
2.789348
2.789538
2.790244
2.789534
2.789593
2.789731
2.789733
2.789839
2.790156
2.790179
2.790167
2.790231
2.790383
2.790341
2.794492
2.794588
2.794570
2.794596
2.794663
2.794810
2.795022
2.794991
2.795006
2.795112
2.795339
2.795708
2.795557
2.795579
2.795547
2.795558
2.795689
2.795691
2.795890
2.799998
2.800061
2.800453
2.800540
2.800822
2.800827
2.800828
2.800846
2.800936
2.803628
2.803674
2.803718
2.803848
2.803931
2.803966
2.804234
2.804201
2.804481
2.804375
2.804770
2.804891
2.804926
2.804839
2.808715
2.808651
2.808653
2.808760
2.808833
2.808922
2.808982
2.809137
2.809186
2.809319
2.809426
2.809710
2.809870
2.809845
2.813825
2.813761
2.813840
2.813940
2.814017
2.814344
2.814366
2.814373
2.814370
2.814441
2.814534
2.814515
2.817963
2.818157
2.818152
2.818160
2.818376
2.818410
2.818581
2.818824
2.818751
2.818801
2.818873
2.818907
2.819019
2.819042
2.819154
2.822514
2.822744
2.822610
2.822894
2.823013
2.823269
2.823206
2.823345
2.823547
2.823555
2.823565
2.826649
2.826606
2.826678
2.826826
2.826954
2.826991
2.827306
2.827079
2.827245
2.827336
2.827386
2.827501
2.827789
2.827878
2.831583
2.831625
2.832073
2.832225
2.832201
2.832351
2.832514
2.832180
2.832491
2.832361
2.832574
2.832433
2.832654
2.832631
2.832524
2.832752
2.836417
2.836522
2.836565
2.836498
2.836537
2.836647
2.836790
2.836848
2.836923
2.836957
2.837179
2.837285
2.837229
2.837388
2.837403
2.837515
2.837529
2.837591
2.840961
2.840963
2.841032
2.841160
2.841273
2.841311
2.841333
2.841595
2.841568
2.841612
2.841593
2.841602
2.841592
2.841651
2.843899
2.843944
2.844027
2.844074
2.844103
2.844131
2.844193
2.844265
2.844453
2.844579
2.844631
2.844762
2.846254
2.846777
2.846840
2.846425
2.847006
2.847058
2.847147
2.847278
2.846848
2.847408
2.846956
2.846920
2.849575
2.849141
2.849253
2.849196
2.849333
2.849340
2.849493
2.811949
2.849669
2.851628
2.851593
2.851645
2.814045
2.814173
2.814153
2.814392
2.814299
2.814354
2.853940
2.816067
2.854016
2.816269
2.816051
2.816514
2.816650
2.816442
2.816556
2.818468
2.818706
2.818413
2.819732
2.820081
2.820358
2.821209
2.820823
2.821262
2.822263
2.822345
2.822591
2.822497
2.822367
2.822664
2.823723
2.823888
2.823790
2.824229
2.824030
2.824783
2.824949
2.825243
2.824909
2.825018
2.824978
2.825520
2.825136
2.826587
2.826454
2.826857
2.827218
2.827671
2.827405
2.827775
2.827873
2.829118
2.828812
2.828977
2.828958
2.829116
2.829200
2.829288
2.829369
2.830587
2.830885
2.831280
2.830910
2.832340
2.831630
2.832016
2.831780
2.832641
2.832215
2.832328
2.832683
2.832357
2.832722
2.833534
2.833874
2.833586
2.833663
2.834582
2.835881
2.836102
2.835626
2.836639
2.836803
2.836807
2.838737
2.838138
2.838682
2.838912
2.838463
2.839289
2.839946
2.840592
2.840741
2.840171
2.840775
2.840875
2.840912
2.841008
2.840487
2.840986
2.841054
2.841039
2.842458
2.843004
2.843202
2.843122
2.843361
2.842779
2.842835
2.843334
2.844191
2.844897
2.844701
2.845203
2.844800
2.846218
2.845802
2.846025
2.846131
2.846270
2.846839
2.847493
2.848570
2.848168
2.849002
2.849398
2.849891
2.849556
2.849187
2.850020
2.850469
2.851390
2.851020
2.851096
2.850815
2.851645
2.852005
2.852385
2.853002
2.852227
2.853107
2.853560
2.853332
2.854234
2.853472
2.853911
2.854378
2.853945
2.854712
2.855544
2.856028
2.856435
2.856508
2.856356
2.857580
2.857126
2.857613
2.857862
2.858330
2.858405
2.858391
2.858834
2.858996
2.858393
2.858814
2.859060
2.859362
2.859905
2.860298
2.860059
2.860680
2.860291
2.861037
2.861686
2.861441
2.862233
2.863105
2.863185
2.863036
2.864063
2.863822
2.864387
2.864314
2.864899
2.865131
2.865618
2.865277
2.865756
2.866703
2.867048
2.867301
2.866502
2.867997
2.868172
2.868565
2.868531
2.867914
2.868414
2.869413
2.869703
2.870262
2.870736
2.871156
2.871238
2.870485
2.870552
2.871029
2.871300
2.871686
2.872422
2.872452
2.872597
2.872700
2.872860
2.873948
2.872930
2.874087
2.875267
2.874653
2.875949
2.874855
2.875770
2.875306
2.875835
2.877125
2.875928
2.876545
2.877907
2.877544
2.877110
2.878381
2.877695
2.878490
2.878338
2.879242
2.879541
2.879786
2.880011
2.879801
2.880346
2.880615
2.881044
2.881560
2.881206
2.882120
2.883414
2.882867
2.883688
2.883237
2.884214
2.883492
2.883538
2.885476
2.885757
2.885759
2.885980
2.887086
2.887089
2.888080
2.888387
2.889258
2.889311
2.888892
2.890105
2.890883
2.891846
2.891942
2.892691
2.892206
2.894122
2.894137
2.894330
2.894395
2.895119
2.894396
2.894514
2.895478
2.896694
2.896620
2.895940
2.896750
2.896818
2.896909
2.898341
2.898460
2.898526
2.898535
2.898559
2.899304
2.899365
2.899416
2.898720
2.899555
2.899521
2.899964
2.900803
2.901398
2.901527
2.900807
2.902346
2.902438
2.902561
2.902725
2.901975
2.902815
2.903324
2.904072
2.904923
2.904940
2.905012
2.905740
2.905957
2.905782
2.905319
2.906785
2.906329
2.907197
2.907931
2.907298
2.907763
2.908761
2.908233
2.908677
2.910145
2.909636
2.911052
2.910863
2.911199
2.910561
2.910996
2.911275
2.911946
2.912239
2.911643
2.911732
2.912877
2.912978
2.912690
2.913999
2.913895
2.913852
2.915212
2.914634
2.914883
2.915698
2.915601
2.916975
2.916698
2.917717
2.917396
2.917228
2.917971
2.918002
2.918157
2.918839
2.919382
2.919329
2.919250
2.919056
2.919410
2.919024
2.920199
2.920984
2.920635
2.921670
2.921368
2.921599
2.922324
2.923199
2.922936
2.922857
2.923889
2.923560
2.923652
2.924159
2.924769
2.925283
2.925417
2.925424
2.925956
2.925555
2.926766
2.926370
2.926409
2.927151
2.927773
2.927388
2.928066
2.928686
2.928217
2.929341
2.928904
2.928924
2.929683
2.930319
2.930441
2.930483
2.931034
2.931231
2.931469
2.931896
2.932552
2.931740
2.932687
2.932394
2.933774
2.932880
2.933613
2.934380
2.933810
2.935510
2.934762
2.935714
2.936413
2.935539
2.936330
2.937906
2.938601
2.938396
2.938465
2.939071
2.940072
2.940197
2.940676
2.940330
2.941059
2.942621
2.943017
2.942995
2.944057
2.944726
2.944412
2.944918
2.945658
2.945899
2.946718
2.947212
2.946883
2.947618
2.948157
2.948122
2.948795
2.949790
2.949313
2.949934
2.950693
2.950734
2.951390
2.951654
2.951617
2.952910
2.952695
2.953679
2.953449
2.953940
2.954849
2.954328
2.955266
2.956029
2.956145
2.956334
2.957268
2.957374
2.958521
2.958732
2.958578
2.959410
2.960133
2.959676
2.960268
2.961190
2.961073
2.961493
2.961898
2.962646
2.963076
2.962642
2.963549
2.964772
2.964862
2.964986
2.965036
2.965548
2.965673
2.966383
2.967100
2.967633
2.968375
2.968593
2.968448
2.969296
2.969408
2.969497
2.970268
2.970874
2.970878
2.971172
2.971682
2.971897
2.972675
2.973748
2.973770
2.973974
2.974526
2.974994
2.975951
2.975521
2.975589
2.976249
2.976229
2.976911
2.978601
2.978999
2.978369
2.978529
2.979108
2.980195
2.979955
2.980535
2.981329
2.982481
2.983036
2.983259
2.982757
2.984272
2.983689
2.984442
2.984366
2.985806
2.984998
2.986674
2.987032
2.987392
2.986209
2.987070
2.987465
2.988011
2.989679
2.989888
2.990314
2.989298
2.990935
2.990176
2.992164
2.992515
2.992548
2.992296
2.993700
2.996831
2.993624
2.994787
2.993883
2.995592
2.998378
2.999077
2.996849
2.997300
2.996221
3.000534
2.997202
2.998471
3.001856
2.999395
3.000145
3.003280
3.000664
2.999649
3.004362
3.004400
3.000731
3.005353
3.002811
3.003343
3.006261
3.003676
3.007022
3.004038
3.007901
3.004285
3.008588
3.005705
3.009248
3.006361
3.010028
3.006992
3.010108
3.008188
3.007756
3.008825
3.008896
3.011965
3.009766
3.010061
3.013220
3.013996
3.010996
3.014980
3.012059
3.011654
3.015946
3.012615
3.016134
3.016160
3.014209
3.017352
3.014418
3.015022
3.015536
3.015663
3.018830
3.015860
3.015509
3.020131
3.016842
3.017327
3.020396
3.018494
3.018214
3.018602
3.021766
3.019805
3.022946
3.023082
3.020112
3.024283
3.024511
3.021318
3.021633
3.025950
3.023060
3.026029
3.023075
3.022927
3.024579
3.027596
3.024527
3.027779
3.029105
3.026346
3.029347
3.026401
3.026235
3.026233
3.028044
3.031078
3.028170
3.028212
3.028446
3.032994
3.030028
3.029954
3.030144
3.030106
3.033310
3.034875
3.031784
3.031925
3.035252
3.032195
3.032344
3.036949
3.037104
3.034189
3.037333
3.034387
3.038877
3.035970
3.038999
3.036301
3.039196
3.036377
3.039272
3.041145
3.041256
3.038693
3.038738
3.038762
3.043029
3.040415
3.040621
3.040580
3.043478
3.040667
3.040836
3.045402
3.042696
3.042881
3.043087
3.045972
3.045978
3.043221
3.047786
3.045071
3.045284
3.048189
3.045421
3.047009
3.049823
3.047146
3.049974
3.050109
3.047430
3.050288
3.047657
3.052448
3.049846
3.049962
3.052821
3.052902
3.050314
3.050383
3.052422
3.055086
3.052735
3.052667
3.052736
3.055072
3.055087
3.052912
3.052935
3.052914
3.057395
3.055366
3.055470
3.057866
3.055708
3.058024
3.059683
3.059791
3.057766
3.057843
3.057899
3.060192
3.057972
3.062230
3.060200
3.062608
3.060437
3.060577
3.060681
3.063041
3.060764
3.065015
3.065249
3.063205
3.063248
3.063323
3.065567
3.067496
3.067641
3.065658
3.065772
3.065833
3.068033
3.065967
3.068114
3.066034
3.068380
3.068381
3.068444
3.070731
3.070715
3.068596
3.070820
3.072787
3.072910
3.070850
3.070978
3.071042
3.073246
3.071192
3.071291
3.073428
3.071438
3.071455
3.075922
3.074230
3.074277
3.073876
3.076490
3.074194
3.076678
3.076667
3.076469
3.078952
3.076764
3.079189
3.076914
3.076955
3.079414
3.079396
3.081578
3.079554
3.079692
3.079730
3.079753
3.079870
3.082242
3.082250
3.082407
3.084559
3.084626
3.082552
3.082720
3.082772
3.085127
3.083011
3.083031
3.085293
3.087708
3.085640
3.087855
3.088013
3.085998
3.086088
3.086167
3.086146
3.088396
3.086432
3.088513
3.091486
3.089627
3.089715
3.089788
3.089858
3.092070
3.090078
3.092111
3.094290
3.094336
3.092542
3.092741
3.094718
3.092781
3.092860
3.093074
3.095079
3.093141
3.095098
3.095175
3.098010
3.096377
3.096489
3.098423
3.096594
3.096828
3.098756
3.100823
3.100922
3.099152
3.099257
3.101100
3.099523
3.099559
3.101453
3.099641
3.101521
3.101553
3.104360
3.102753
3.104618
3.102870
3.102997
3.103056
3.103126
3.103159
3.105084
3.103412
3.105278
3.107936
3.108038
3.106458
3.106502
3.106730
3.106739
3.108546
3.106987
3.108185
3.110824
3.110819
3.109781
3.109788
3.111283
3.110105
3.110359
3.111641
3.110394
3.111713
3.110570
3.113362
3.113456
3.113574
3.113652
3.113765
3.113761
3.115196
3.114083
3.115473
3.115483
3.118152
3.117144
3.117232
3.117513
3.117464
3.118822
3.117697
3.117757
3.119098
3.117919
3.119051
3.117898
3.122207
3.122303
3.121385
3.121470
3.121584
3.122743
3.121768
3.121729
3.122846
3.123178
3.123089
3.125013
3.123914
3.125047
3.124056
3.124280
3.125482
3.124537
3.124514
3.124778
3.125929
3.125867
3.128494
3.127541
3.127557
3.127647
3.127626
3.127826
3.129041
3.127902
3.129128
3.128160
3.129230
3.129226
3.131277
3.130585
3.130756
3.131760
3.130771
3.130815
3.130760
3.132843
3.133873
3.133855
3.133937
3.133048
3.133042
3.134252
3.133244
3.133335
3.133278
3.133371
3.134347
3.133396
3.134304
3.136647
3.137863
3.137013
3.137048
3.137928
3.138631
3.138859
3.141409
3.140491
3.140615
3.140474
3.142793
3.143120
3.143374
3.144740
3.146368
3.147246
3.146727
3.147568
3.146709
3.148847
3.148055
3.148120
3.149163
3.148385
3.148576
3.149530
3.148594
3.149554
3.149263
3.149981
3.149928
3.149370
3.149483
3.150647
3.152309
3.152376
3.151727
3.152600
3.151613
3.151230
3.153799
3.152452
3.154066
3.152684
3.152734
3.154532
3.155422
3.154054
3.154119
3.154181
3.154345
3.154171
3.154240
3.155849
3.154408
3.155917
3.156103
3.157675
3.156305
3.156263
3.156331
3.159418
3.157950
3.159563
3.161089
3.161184
3.159654
3.159697
3.159845
3.161500
3.160051
3.161860
3.162002
3.161961
3.163642
3.162265
3.163727
3.163557
3.163425
3.163415
3.163746
3.165231
3.163778
3.163512
3.165359
3.165752
3.165824
3.167681
3.167859
3.166311
3.166304
3.168206
3.168336
3.170183
3.168798
3.170696
3.168923
3.170905
3.172529
3.170809
3.171278
3.172904
3.171308
3.173048
3.171625
3.175223
3.173617
3.173790
3.174088
3.175737
3.174269
3.174104
3.175578
3.174426
3.178437
3.176870
3.178776
3.177098
3.177114
3.178457
3.177377
3.177237
3.177347
3.178660
3.179846
3.179876
3.181256
3.180121
3.180361
3.180542
3.181860
3.181828
3.180642
3.180641
3.184348
3.183218
3.183279
3.183445
3.184761
3.184860
3.183656
3.183827
3.185177
3.183941
3.183981
3.185275
3.187001
3.187019
3.188316
3.188617
3.187680
3.187660
3.188985
3.187871
3.187941
3.187954
3.189239
3.188060
3.190958
3.192231
3.191236
3.192512
3.191394
3.191477
3.192841
3.193086
3.195382
3.194434
3.195582
3.195818
3.194773
3.194840
3.194881
3.195119
3.196289
3.196288
3.195205
3.196312
3.199432
3.199722
3.198699
3.198838
3.198868
3.198948
3.200277
3.199317
3.200507
3.200624
3.203600
3.202860
3.203939
3.202898
3.203130
3.203165
3.203175
3.204346
3.203343
3.204353
3.207335
3.206551
3.207687
3.206641
3.207833
3.207036
3.207183
3.207247
3.207273
3.207312
3.208275
3.207412
3.208342
3.211962
3.211170
3.211313
3.212295
3.211492
3.211683
3.211717
3.211809
3.211951
3.214475
3.214547
3.214772
3.214783
3.214900
3.215112
3.215260
3.215171
3.218932
3.219048
3.219276
3.218278
3.218369
3.218568
3.218573
3.219881
3.218788
3.220209
3.222150
3.221066
3.222310
3.220942
3.220947
3.222466
3.220975
3.222554
3.220942
3.222485
3.222855
3.224343
3.222936
3.222909
3.224360
3.223028
3.223187
3.223125
3.223068
3.224672
3.223460
3.223525
3.223647
3.225280
3.223894
3.225367
3.223872
3.223958
3.229460
3.229448
3.228296
3.228430
3.229950
3.228667
3.230196
3.230611
3.230631
3.232282
3.230983
3.232536
3.232498
3.231184
3.231344
3.234258
3.232933
3.232887
3.233057
3.233217
3.233248
3.234687
3.234805
3.233437
3.233705
3.235017
3.233629
3.233663
3.233828
3.235103
3.233800
3.233801
3.233892
3.235214
3.233925
3.236427
3.237888
3.236549
3.236661
3.236779
3.236732
3.238266
3.236863
3.236881
3.238815
3.240295
3.239013
3.239179
3.240636
3.239229
3.240654
3.240440
3.241543
3.240716
3.242081
3.242383
3.241845
3.241894
3.245390
3.244572
3.244668
3.245581
3.245891
3.245246
3.248343
3.247642
3.248701
3.247773
3.248772
3.247972
3.248852
3.248041
3.250881
3.251678
3.251810
3.251933
3.251549
3.252171
3.252169
3.251451
3.252253
3.254243
3.254367
3.254276
3.254402
3.254719
3.255313
3.255295
3.255631
3.255518
3.256024
3.256090
3.255790
3.255896
3.255989
3.255756
3.259718
3.259145
3.260220
3.259717
3.260072
3.259920
3.260674
3.260394
3.260023
3.260373
3.260966
3.260255
3.260273
3.261033
3.263971
3.263710
3.264104
3.264704
3.264086
3.264235
3.264611
3.264479
3.265198
3.264641
3.265396
3.264778
3.265063
3.264844
3.269064
3.269635
3.269067
3.269991
3.269652
3.270202
3.269747
3.269957
3.269754
3.269977
3.270670
3.270260
3.270796
3.270307
3.270880
3.274677
3.274260
3.274211
3.275001
3.274603
3.275280
3.274873
3.274849
3.275553
3.275255
3.275709
3.275314
3.275668
3.279539
3.279005
3.279208
3.279617
3.279304
3.279438
3.279487
3.280292
3.279979
3.280336
3.280093
3.280130
3.280522
3.280246
3.280223
3.280595
3.280570
3.284863
3.284892
3.285223
3.284975
3.285194
3.285230
3.285353
3.285626
3.285723
3.285633
3.285988
3.285871
3.285956
3.288487
3.288596
3.288806
3.288953
3.288967
3.289099
3.289192
3.289032
3.289118
3.289355
3.289419
3.289437
3.289396
3.289394
3.291560
3.291631
3.291676
3.291736
3.291775
3.291414
3.291490
3.291452
3.291560
3.292158
3.292145
3.292243
3.292326
3.292432
3.294335
3.294383
3.294451
3.294557
3.294642
3.294709
3.294836
3.294808
3.296762
3.296916
3.296935
3.296987
3.297020
3.297101
3.297307
3.297386
3.297355
3.299171
3.299268
3.299227
3.299107
3.299244
3.299303
3.299411
3.299536
3.299795
3.299714
3.302212
3.302668
3.302573
3.303958
3.304354
3.305146
3.305291
3.305351
3.306099
3.306093
3.306153
3.306263
3.307296
3.308406
3.308036
3.307967
3.308642
3.308794
3.310203
3.310529
3.310390
3.310651
3.310958
3.311478
3.311419
3.311622
3.312110
3.312516
3.312574
3.312609
3.313103
3.313152
3.313838
3.313905
3.313933
3.314526
3.314570
3.314672
3.315124
3.314769
3.315305
3.316036
3.315961
3.316039
3.316120
3.316751
3.316494
3.316757
3.316507
3.317551
3.317549
3.317497
3.318541
3.318297
3.318307
3.318381
3.318568
3.319502
3.319374
3.319615
3.319571
3.321403
3.320573
3.320709
3.320587
3.320887
3.321792
3.321749
3.321895
3.322932
3.322663
3.322769
3.323165
3.323159
3.324234
3.324826
3.325019
3.325073
3.325019
3.325130
3.325949
3.325844
3.325810
3.326068
3.326542
3.326216
3.328201
3.327974
3.327957
3.329239
3.328843
3.329241
3.329989
3.330030
3.330224
3.329885
3.330426
3.330492
3.330264
3.330714
3.331944
3.331710
3.332120
3.332901
3.333249
3.333096
3.334922
3.335055
3.335219
3.336349
3.336587
3.336669
3.336861
3.336963
3.336678
3.338102
3.337863
3.338262
3.338353
3.338359
3.338421
3.338225
3.338441
3.338250
3.338437
3.339962
3.340024
3.340742
3.340658
3.340869
3.341076
3.341086
3.340880
3.341068
3.341277
3.341267
3.341220
3.343094
3.343103
3.343087
3.343329
3.343348
3.344470
3.345037
3.345308
3.345262
3.345332
3.345631
3.346421
3.346650
3.346733
3.346588
3.346776
3.348085
3.348192
3.348120
3.348011
3.348688
3.348838
3.348887
3.348756
3.348806
3.349267
3.349403
3.349333
3.350174
3.350363
3.350291
3.349771
3.350514
3.350800
3.350969
3.351224
3.351391
3.352126
3.352622
3.352690
3.352221
3.352708
3.352786
3.352741
3.354048
3.353592
3.354165
3.353583
3.354673
3.354080
3.355038
3.354726
3.355041
3.355231
3.355994
3.356579
3.356760
3.356613
3.357103
3.356900
3.357360
3.358051
3.357731
3.358335
3.357880
3.358824
3.358823
3.358553
3.359606
3.359844
3.360185
3.360476
3.360464
3.360656
3.360923
3.361552
3.361776
3.361725
3.362006
3.362417
3.362364
3.362711
3.363323
3.363333
3.364100
3.364069
3.364047
3.364174
3.364322
3.364889
3.365207
3.365961
3.365866
3.365977
3.366660
3.367018
3.366920
3.367553
3.367487
3.367494
3.367913
3.367662
3.368591
3.368817
3.368916
3.369389
3.370364
3.370711
3.370719
3.370950
3.370942
3.371455
3.372562
3.372727
3.373737
3.374009

Average response time: 1.827605 seconds
