0.062011
0.062286
0.061917
0.060754
0.063337
0.063029
0.064045
0.063495
0.060875
0.059888
0.063383
0.064376
0.064380
0.064123
0.064162
0.063136
0.067135
0.064530
0.064138
0.067201
0.063495
0.063258
0.069036
0.069271
0.069300
0.065139
0.069427
0.065194
0.066074
0.065259
0.069825
0.069157
0.073535
0.072109
0.067580
0.073597
0.072458
0.072443
0.067867
0.073992
0.072560
0.072513
0.071887
0.071665
0.071607
0.068507
0.067738
0.072726
0.068039
0.077142
0.076003
0.075835
0.071604
0.074964
0.076074
0.076163
0.076111
0.075880
0.075347
0.072030
0.071973
0.075476
0.076115
0.075025
0.075004
0.074999
0.074803
0.076242
0.075739
0.081466
0.079265
0.079244
0.078892
0.078729
0.081988
0.079198
0.079008
0.078810
0.078534
0.077896
0.080387
0.080386
0.078981
0.078604
0.078391
0.077893
0.077797
0.077421
0.077087
0.079306
0.078836
0.078181
0.077998
0.077748
0.077337
0.077345
0.077289
0.077296
0.078726
0.079642
0.079877
0.078119
0.077937
0.077904
0.079693
0.077549
0.077539
0.077542
0.080873
0.080447
0.081037
0.081841
0.081843
0.081859
0.081950
0.081942
0.081922
0.083942
0.084075
0.084090
0.084271
0.084306
0.084630
0.087814
0.088119
0.088012
0.087878
0.089684
0.089741
0.089754
0.090285
0.090567
0.090682
0.090701
0.091310
0.091368
0.091369
0.091922
0.092052
0.092133
0.092609
0.093777
0.094134
0.094247
0.094773
0.094891
0.095300
0.095320
0.095527
0.096210
0.097297
0.097851
0.098247
0.098484
0.099075
0.101182
0.101788
0.102926
0.103040
0.103635
0.103702
0.104226
0.104694
0.104997
0.105469
0.105952
0.106514
0.107164
0.107396
0.108499
0.109096
0.109428
0.110735
0.110691
0.111380
0.111494
0.112053
0.112804
0.113683
0.113962
0.113961
0.114167
0.114651
0.114856
0.115174
0.115218
0.116951
0.117481
0.117708
0.117977
0.117957
0.117965
0.118465
0.118538
0.118975
0.119808
0.120092
0.121295
0.121782
0.122288
0.122973
0.125727
0.126167
0.126694
0.127916
0.128222
0.130006
0.131263
0.132026
0.132646
0.133601
0.133859
0.134987
0.136111
0.136380
0.137586
0.138144
0.138233
0.139229
0.140156
0.140870
0.142142
0.142796
0.143943
0.144966
0.146684
0.147151
0.148494
0.149897
0.151189
0.151715
0.151484
0.151643
0.152828
0.153778
0.154122
0.155801
0.156001
0.156505
0.156956
0.159262
0.161017
0.161775
0.162506
0.162771
0.163103
0.163291
0.164001
0.164130
0.166056
0.167251
0.167894
0.169097
0.170881
0.171600
0.172760
0.174665
0.181782
0.182327
0.182458
0.182410
0.182326
0.182657
0.183030
0.183444
0.183547
0.184013
0.183847
0.185287
0.186249
0.188517
0.189674
0.192342
0.194670
0.198928
0.199253
0.203189
0.203444
0.203697
0.203722
0.203763
0.204231
0.204649
0.205219
0.205962
0.206614
0.213349
0.213728
0.213755
0.213844
0.214442
0.214612
0.215246
0.219067
0.221981
0.220516
0.220733
0.223552
0.225770
0.226424
0.229846
0.230526
0.232545
0.233212
0.235315
0.236344
0.237106
0.237848
0.238325
0.239128
0.240471
0.243873
0.245073
0.245597
0.246325
0.248449
0.250563
0.251941
0.255938
0.256222
0.257095
0.259468
0.260181
0.261861
0.262026
0.262705
0.263119
0.271168
0.272151
0.272826
0.273109
0.273386
0.272939
0.273567
0.274173
0.275632
0.279544
0.280019
0.281392
0.283633
0.286429
0.291231
0.298292
0.298775
0.300299
0.302947
0.304993
0.307091
0.309648
0.314229
0.315027
0.315176
0.317060
0.320339
0.322209
0.323964
0.327673
0.328716
0.330813
0.331779
0.341629
0.342322
0.342887
0.343049
0.342935
0.343345
0.343464
0.351871
0.352930
0.353312
0.353215
0.354208
0.355362
0.355842
0.355827
0.357009
0.358633
0.361134
0.364437
0.368457
0.368807
0.370126
0.370698
0.371787
0.374727
0.377457
0.386999
0.386927
0.387393
0.387395
0.389268
0.390940
0.411465
0.412764
0.413142
0.413311
0.413397
0.413603
0.413939
0.416205
0.417387
0.420986
0.421384
0.426761
0.427336
0.429126
0.430177
0.432078
0.436452
0.437332
0.441390
0.444027
0.445600
0.446595
0.447921
0.449665
0.449938
0.451975
0.454046
0.456015
0.456805
0.458886
0.461700
0.465432
0.467661
0.481383
0.482050
0.482324
0.482745
0.482862
0.483787
0.486864
0.497303
0.502203
0.513606
0.514607
0.514393
0.514787
0.514903
0.516073
0.516816
0.518713
0.521168
0.522043
0.520591
0.523482
0.525947
0.526881
0.528332
0.530545
0.533300
0.535605
0.539982
0.540102
0.543948
0.544282
0.545399
0.546652
0.548105
0.548799
0.552739
0.553656
0.553862
0.557240
0.557697
0.561394
0.562716
0.565847
0.567511
0.569547
0.571126
0.572464
0.573601
0.574791
0.577599
0.578513
0.581945
0.583331
0.584688
0.584768
0.586385
0.607337
0.599046
0.608709
0.609000
0.599871
0.600956
0.601483
0.602782
0.603873
0.606974
0.611212
0.623873
0.623983
0.626563
0.626766
0.628015
0.631629
0.635468
0.637816
0.638721
0.640027
0.642106
0.644616
0.647201
0.648332
0.648970
0.651515
0.654232
0.655683
0.655771
0.660495
0.661093
0.663520
0.665067
0.666500
0.668366
0.672085
0.669258
0.669741
0.671359
0.674233
0.688698
0.686338
0.687651
0.689630
0.691879
0.694996
0.697733
0.699978
0.701174
0.703302
0.706069
0.707871
0.713231
0.725200
0.726355
0.727246
0.734085
0.736045
0.736767
0.739856
0.745401
0.747936
0.750572
0.753119
0.754723
0.755377
0.758822
0.767107
0.767580
0.767560
0.767640
0.768257
0.769087
0.769682
0.762042
0.767218
0.768562
0.769052
0.771386
0.773698
0.786328
0.777215
0.789333
0.793314
0.794858
0.795075
0.795574
0.795856
0.796009
0.796035
0.799435
0.801450
0.803532
0.808126
0.808529
0.811782
0.825109
0.826263
0.830677
0.832589
0.823622
0.824122
0.825788
0.828162
0.835381
0.836422
0.836173
0.837042
0.836777
0.837260
0.837229
0.837961
0.838844
0.839146
0.841352
0.842415
0.845871
0.846889
0.847205
0.848409
0.855790
0.856050
0.856262
0.856450
0.856520
0.856866
0.856860
0.857182
0.857567
0.858232
0.860945
0.862263
0.866850
0.869073
0.870871
0.871303
0.871582
0.872456
0.873508
0.875669
0.885839
0.886991
0.887778
0.890857
0.892169
0.893171
0.896963
0.901865
0.903958
0.904819
0.905073
0.906931
0.908545
0.908569
0.910430
0.914309
0.916104
0.916339
0.917605
0.918423
0.922261
0.922601
0.923316
0.924457
0.926116
0.927637
0.928239
0.929212
0.930151
0.931727
0.931950
0.932995
0.933811
0.935544
0.936839
0.937293
0.937971
0.941034
0.942272
0.943225
0.944520
0.946096
0.947824
0.949646
0.952382
0.955054
0.959486
0.959957
0.960475
0.961647
0.967887
0.968910
0.969149
0.969547
0.969810
0.969849
0.969878
0.970715
0.971150
0.974152
0.974858
0.986764
0.987962
0.989424
0.990759
0.993708
0.998260
1.001411
1.002539
1.004429
1.008480
1.011349
1.013099
1.014705
1.015880
1.018781
1.020578
1.020802
1.024385
1.025699
1.028724
1.029701
1.031287
1.032633
1.033989
1.036652
1.036934
1.037291
1.039646
1.040931
1.041332
1.044117
1.045312
1.047969
1.049314
1.050966
1.051163
1.051582
1.054214
1.057272
1.057788
1.059396
1.060271
1.062518
1.063465
1.066342
1.066818
1.067223
1.067937
1.068719
1.071675
1.075309
1.076024
1.076572
1.077079
1.086422
1.086779
1.086918
1.086441
1.086859
1.087400
1.102862
1.103477
1.103660
1.104031
1.104449
1.105653
1.106048
1.108423
1.107294
1.107298
1.108788
1.111211
1.113598
1.112519
1.118042
1.118901
1.120588
1.121252
1.124252
1.128948
1.129259
1.129955
1.133340
1.134587
1.134028
1.136244
1.136887
1.138631
1.142376
1.142809
1.144094
1.146382
1.150421
1.152159
1.152797
1.153497
1.154989
1.155794
1.167013
1.169706
1.170736
1.173169
1.195376
1.196227
1.196467
1.196930
1.197506
1.197358
1.199812
1.200048
1.203130
1.204812
1.207682
1.210086
1.209827
1.213461
1.214669
1.216254
1.220529
1.222446
1.223436
1.225398
1.230437
1.231768
1.232469
1.234354
1.235618
1.237622
1.239654
1.240911
1.241011
1.243764
1.245522
1.245605
1.246575
1.249163
1.252672
1.255352
1.256547
1.258685
1.258975
1.260617
1.261873
1.263563
1.265436
1.266490
1.269013
1.272180
1.279739
1.290322
1.291322
1.291451
1.291811
1.291875
1.294467
1.295276
1.299076
1.300969
1.309610
1.310337
1.312630
1.316260
1.316977
1.321585
1.322488
1.323417
1.325974
1.326597
1.330938
1.331636
1.333261
1.334108
1.334890
1.337024
1.337936
1.339062
1.343942
1.345309
1.346950
1.348555
1.350483
1.353134
1.359602
1.359875
1.359953
1.360283
1.360401
1.360454
1.360549
1.362893
1.363646
1.364810
1.366932
1.373157
1.373776
1.373012
1.380807
1.383593
1.395867
1.396728
1.396750
1.396775
1.396993
1.397133
1.398228
1.400111
1.402239
1.405180
1.406137
1.407084
1.409296
1.409609
1.412098
1.413651
1.424422
1.425424
1.425494
1.425673
1.426097
1.426855
1.428334
1.429558
1.431143
1.433325
1.436517
1.437003
1.438530
1.440547
1.443070
1.444718
1.447035
1.447934
1.450598
1.451965
1.454381
1.456285
1.457500
1.464161
1.470467
1.470343
1.470661
1.470752
1.473079
1.479224
1.481727
1.484339
1.486799
1.487532
1.489233
1.491275
1.494925
1.496952
1.498185
1.500218
1.501657
1.503194
1.507320
1.508046
1.510853
1.511697
1.516477
1.518441
1.519150
1.520229
1.521187
1.522554
1.524307
1.526764
1.528408
1.532061
1.534231
1.534526
1.535866
1.536314
1.537251
1.538187
1.545470
1.545737
1.545747
1.545711
1.545815
1.545696
1.546430
1.546437
1.546429
1.548115
1.551015
1.552840
1.554060
1.558933
1.559409
1.562136
1.565254
1.567723
1.567187
1.568017
1.570990
1.572306
1.571345
1.572654
1.586776
1.588344
1.588901
1.589036
1.589414
1.590879
1.592298
1.592493
1.594618
1.597101
1.600138
1.601935
1.603334
1.608113
1.608531
1.611146
1.612579
1.615918
1.617478
1.620868
1.621969
1.624034
1.629361
1.631272
1.633195
1.633178
1.634297
1.635977
1.638059
1.639159
1.642118
1.650192
1.651176
1.651219
1.651359
1.651487
1.653014
1.657488
1.658796
1.664144
1.667784
1.668927
1.671476
1.677514
1.677921
1.680444
1.682390
1.685621
1.686999
1.689632
1.691794
1.692585
1.694059
1.695187
1.698175
1.699717
1.705885
1.706886
1.708468
1.709246
1.712250
1.713806
1.716216
1.717532
1.719765
1.721070
1.723603
1.725311
1.728305
1.728490
1.729678
1.730834
1.732281
1.735338
1.735980
1.737306
1.738489
1.739397
1.741509
1.742502
1.744911
1.754977
1.755670
1.756008
1.756181
1.756059
1.756257
1.756272
1.757474
1.758605
1.764901
1.765634
1.767981
1.770267
1.769175
1.770763
1.777710
1.788938
1.790364
1.790467
1.790830
1.791079
1.791286
1.793550
1.794121
1.795535
1.799823
1.801092
1.801997
1.805173
1.807768
1.808974
1.810489
1.814371
1.815633
1.816516
1.819041
1.820722
1.827898
1.828733
1.830678
1.832757
1.840142
1.841761
1.842556
1.843105
1.843116
1.846159
1.846885
1.849497
1.864876
1.867904
1.866581
1.866686
1.867342
1.868047
1.875950
1.877320
1.880112
1.882014
1.893850
1.894703
1.894774
1.894836
1.895094
1.895311
1.897278
1.899029
1.899112
1.899116
1.899690
1.902515
1.900926
1.903740
1.905086
1.907217
1.908036
1.911344
1.923631
1.924658
1.924731
1.924790
1.924723
1.924901
1.925209
1.927752
1.931779
1.932688
1.932339
1.932905
1.934823
1.935574
1.938690
1.949826
1.950447
1.950552
1.950824
1.950878
1.950850
1.951694
1.956521
1.961726
1.963712
1.965945
1.975043
1.980474
1.981597
1.982319
1.983751
1.986075
1.987844
1.989784
1.994618
1.996259
1.999927
2.004260
2.005008
2.006852
2.008624
2.012206
2.013255
2.015365
2.017020
2.022791
2.025671
2.025172
2.026252
2.028862
2.029355
2.032509
2.032967
2.034737
2.037596
2.040802
2.042501
2.046999
2.047402
2.049224
2.053100
2.057374
2.059584
2.060024
2.060119
2.061861
2.064888
2.064685
2.068213
2.073444
2.076979
2.077805
2.079261
2.079621
2.082064
2.085156
2.087400
2.091682
2.093638
2.094088
2.095558
2.103819
2.105554
2.106216
2.107443
2.108179
2.109165
2.110504
2.111460
2.113503
2.116736
2.117217
2.117900
2.122563
2.123351
2.123539
2.123530
2.124287
2.125296
2.127563
2.128155
2.129998
2.131828
2.131989
2.131130
2.134377
2.135541
2.137047
2.138868
2.141715
2.143166
2.143658
2.144207
2.144612
2.145837
2.148793
2.151479
2.152596
2.153948
2.156438
2.157359
2.158597
2.163892
2.163286
2.164792
2.164731
2.174045
2.175319
2.178976
2.181106
2.181969
2.183853
2.184624
2.189031
2.189630
2.190812
2.191665
2.192526
2.193731
2.195307
2.199773
2.198310
2.202083
2.204328
2.206600
2.210687
2.212243
2.213921
2.215149
2.218989
2.219647
2.220189
2.223117
2.222752
2.224664
2.225169
2.227391
2.228375
2.230682
2.231551
2.233543
2.234974
2.237331
2.239329
2.242728
2.243814
2.248479
2.250748
2.252356
2.253611
2.257902
2.259502
2.260086
2.261436
2.264178
2.262757
2.264922
2.272448
2.279879
2.281506
2.283787
2.287219
2.295555
2.296806
2.304464
2.305792
2.310677
2.314535
2.315817
2.320886
2.322888
2.325362
2.325063
2.326000
2.329187
2.329053
2.330797
2.329316
2.332108
2.331613
2.332443
2.333668
2.337985
2.340222
2.340604
2.340711
2.342685
2.343122
2.343738
2.344236
2.350328
2.350600
2.350656
2.350701
2.350564
2.350865
2.351329
2.351637
2.357702
2.358119
2.358136
2.358211
2.358236
2.358636
2.360977
2.359797
2.360654
2.363020
2.361673
2.363962
2.361838
2.370080
2.371082
2.371583
2.372227
2.372494
2.373180
2.373840
2.375512
2.377582
2.379371
2.382431
2.386309
2.393253
2.393957
2.394088
2.396031
2.396932
2.396639
2.396837
2.401755
2.398874
2.403106
2.404500
2.404572
2.405601
2.406686
2.406780
2.408091
2.409374
2.410290
2.411462
2.412084
2.413247
2.420091
2.421030
2.421403
2.419883
2.420248
2.421912
2.422231
2.423221
2.423872
2.424159
2.423780
2.423909
2.425728
2.427216
2.425799
2.425947
2.427358
2.427408
2.427606
2.428639
2.428739
2.429735
2.430918
2.431104
2.432239
2.433258
2.434118
2.434860
2.435441
2.436560
2.437349
2.437739
2.438511
2.439354
2.586682
2.587306
2.586319
2.586174
2.588334
2.585982
2.586315
2.586766
2.587681
2.586369
2.588496
2.587683
2.586361
2.585995
2.586087
2.588324
2.586900
2.586818
2.586293
2.587993
2.586632
2.586893
2.588334
2.588073
2.586726
2.586736
2.586833
2.586546
2.587155
2.586998
2.587180
2.587455
2.590210
2.590212
2.591540
2.591228
2.591132
2.590065
2.590316
2.592447
2.592045
2.590475
2.590047
2.591682
2.592309
2.590005
2.590734
2.591007
2.590191
2.590145
2.591055
2.592766
2.590813
2.591105
2.592814
2.591182
2.592680
2.591559
2.591566
2.590940
2.592519
2.592934
2.591253
2.592500
2.591269
2.590799
2.591707
2.591282
2.592535
2.591858
2.590885
2.590817
2.590687
2.590932
2.592891
2.592658
2.592530
2.592534
2.591185
2.591004
2.590980
2.590989
2.592442
2.591556
2.592379
2.591054
2.592474
2.591055
2.591101
2.591105
2.592481
2.592940
2.591139
2.591135
2.591009
2.591014
2.592229
2.592135
2.596797
2.597821
2.605247
2.605619
2.605595
2.606365
2.606684
2.607822
2.608569
2.609056
2.609903
2.612497
2.619029
2.619674
2.618163
2.619606
2.619489
2.619537
2.619577
2.620518
2.620492
2.620597
2.621665
2.621649
2.622581
2.621880
2.621763
2.622072
2.623073
2.622822
2.622718
2.627512
2.626782
2.628218
2.627839
2.628003
2.628083
2.627510
2.627471
2.629151
2.627992
2.628988
2.633307
2.634766
2.634872
2.634157
2.633896
2.634228
2.634078
2.634000
2.634408
2.634589
2.638034
2.637829
2.637887
2.637937
2.638056
2.638469
2.637726
2.638251
2.637995
2.637733
2.638383
2.638254
2.637679
2.641863
2.641152
2.641150
2.642039
2.641875
2.641527
2.641184
2.642288
2.641439
2.641428
2.641425
2.641595
2.643579
2.642847
2.643320
2.644509
2.644515
2.645510
2.646184
2.645035
2.644951
2.655902
2.656541
2.657197
2.657585
2.657926
2.658470
2.667577
2.668911
2.671408
2.672955
2.673508
2.675537
2.676231
2.677257
2.678001
2.681536
2.684248
2.683997
2.686414
2.688039
2.697070
2.698183
2.699235
2.701912
2.702501
2.703935
2.707746
2.708354
2.709974
2.710302
2.712985
2.715231
2.717510
2.718609
2.722038
2.723258
2.726505
2.729235
2.729692
2.729966
2.774876
2.774709
2.775450
2.774804
2.776516
2.778531
2.781468
2.782196
2.782681
2.784346
2.786915
2.787698
2.788437
2.789962
2.789602
2.791971
2.792046
2.794932
2.794684
2.798987
2.800102
2.799855
2.800893
2.803186
2.803694
2.803740
2.804269
2.804377
2.806179
2.806295
2.806772
2.806514
2.808439
2.811708
2.812047
2.814809
2.815856
2.817434
2.821020
2.821936
2.822567
2.826416
2.827064
2.827984
2.874810
2.875089
2.876395
2.876419
2.876359
2.877667
2.878552
2.879573
2.880920
2.882181
2.882713
2.887008
2.889635
2.890590
2.891475
2.891381
2.891913
2.894261
2.896048
2.896302
2.897948
2.898646
2.900680
2.902039
2.902815
2.905809
2.907787
2.909595
2.912274
2.914922
2.915244
2.916560
2.917317
2.919574
2.921552
2.926568
2.972485
2.973186
2.973497
2.973553
2.975090
2.976614
2.977582
2.977704
2.978205
2.978498
2.980609
2.982415
2.987654
2.989093
2.989967
2.991026
2.993550
2.995566
2.995914
2.997596
2.998501
3.000368
3.000357
3.002169
3.002761
3.001760
3.004864
3.004988
3.007334
3.011750
3.013427
3.014013
3.017280
3.018511
3.018332
3.021937
3.023778
3.028613
3.071235
3.072308
3.072695
3.072032
3.073623
3.078519
3.079857
3.084644
3.085239
3.085548
3.087887
3.088224
3.088277
3.089165
3.089010
3.089988
3.089888
3.090897
3.091973
3.093241
3.095742
3.096263
3.097504
3.097582
3.098647
3.098896
3.099117
3.099299
3.100453
3.102429
3.104151
3.105020
3.106255
3.107666
3.113470
3.114793
3.115294
3.116093
3.119708
3.120924
3.123536
3.126368
3.155934
3.156807
3.171375
3.172154
3.172549
3.172930
3.173805
3.174357
3.176172
3.177608
3.180610
3.184639
3.186219
3.189117
3.190593
3.190041
3.191328
3.193067
3.198220
3.198988
3.199787
3.201032
3.201923
3.204602
3.205243
3.207435
3.208358
3.209611
3.210698
3.212008
3.213267
3.216175
3.217858
3.218634
3.220467
3.221752
3.224040
3.226805
3.269469
3.270013
3.270478
3.270620
3.271547
3.275374
3.276791
3.277989
3.279409
3.283099
3.285851
3.286496
3.287861
3.290425
3.290354
3.290414
3.293554
3.296869
3.296780
3.299421
3.301438
3.302343
3.306315
3.308321
3.309431
3.311770
3.313168
3.317466
3.320359
3.322526
3.325436
3.326082
3.327242
3.328952
3.373440
3.373557
3.374532
3.374539
3.376258
3.376734
3.377930
3.380089
3.383467
3.385819
3.386839
3.386235
3.389516
3.388941
3.389522
3.391112
3.391260
3.391846
3.392839
3.392760
3.394514
3.395625
3.397836
3.401556
3.402085
3.402186
3.403718
3.404196
3.404432
3.408341
3.408877
3.410063
3.411270
3.414623
3.415546
3.415896
3.416258
3.455083
3.455678
3.455774
3.455811
3.455925
3.455979
3.473651
3.474111
3.474175
3.474266
3.474400
3.475051
3.476529
3.486523
3.487080
3.487285
3.487839
3.488577
3.488418
3.489900
3.490269
3.490536
3.490993
3.492533
3.492847
3.493246
3.495299
3.496670
3.497277
3.499294
3.501487
3.502886
3.503545
3.503447
3.506413
3.512214
3.512613
3.513125
3.512898
3.512988
3.553832
3.553728
3.553785
3.554494
3.554633
3.554061
3.560912
3.562882
3.565579
3.587170
3.587549
3.587781
3.588717
3.589264
3.589265
3.589743
3.590001
3.591929
3.591599
3.595192
3.596111
3.596624
3.598349
3.599576
3.599835
3.602576
3.602924
3.604867

Average response time: 1.623719 seconds
