0.061581
0.062707
0.063657
0.070200
0.070525
0.070101
0.070012
0.069648
0.068741
0.065741
0.073398
0.073227
0.073377
0.073479
0.072974
0.072963
0.072072
0.073682
0.072056
0.081192
0.079090
0.078634
0.078818
0.078499
0.081600
0.080041
0.079742
0.079634
0.078692
0.078606
0.078061
0.080661
0.082706
0.080380
0.087767
0.087422
0.085547
0.092048
0.087181
0.086003
0.086152
0.091182
0.089013
0.088079
0.087750
0.085896
0.085638
0.091452
0.091282
0.088942
0.088968
0.091419
0.089085
0.088477
0.102296
0.102079
0.097791
0.097798
0.096977
0.096242
0.095358
0.101037
0.098127
0.097630
0.096914
0.096884
0.096493
0.096394
0.101419
0.096658
0.096654
0.097766
0.098832
0.098664
0.097995
0.097902
0.103962
0.098777
0.101439
0.100990
0.104433
0.103784
0.103567
0.103325
0.106752
0.101928
0.106574
0.106554
0.106317
0.106755
0.106008
0.106275
0.106245
0.109683
0.106536
0.106145
0.103009
0.107865
0.107505
0.107365
0.107331
0.106712
0.106681
0.106732
0.109594
0.109634
0.111235
0.112433
0.114598
0.115324
0.123395
0.124110
0.124122
0.124120
0.125007
0.124830
0.124719
0.124810
0.125161
0.128473
0.131411
0.132806
0.132833
0.134052
0.137424
0.138545
0.139642
0.140188
0.140380
0.141424
0.141923
0.142945
0.143299
0.143984
0.146066
0.146510
0.147268
0.160635
0.161519
0.161580
0.161428
0.162679
0.162753
0.163050
0.165759
0.166811
0.169500
0.174039
0.175220
0.179183
0.179564
0.179799
0.180531
0.181730
0.181799
0.182459
0.183487
0.191124
0.191597
0.191669
0.191585
0.193293
0.193431
0.193331
0.193363
0.193241
0.194436
0.196973
0.198453
0.198533
0.198642
0.200936
0.200720
0.201809
0.202967
0.207038
0.220912
0.223479
0.232600
0.233315
0.233420
0.233556
0.233768
0.233848
0.233941
0.235092
0.237107
0.241304
0.245374
0.247274
0.257055
0.257896
0.259495
0.262467
0.262934
0.263659
0.265326
0.267298
0.268600
0.270128
0.275278
0.276002
0.276855
0.278197
0.280556
0.281497
0.281494
0.284495
0.286700
0.289555
0.290359
0.294292
0.299025
0.305640
0.330705
0.332122
0.332150
0.332614
0.332768
0.333777
0.334014
0.336049
0.336995
0.338686
0.341496
0.343910
0.347263
0.350084
0.352583
0.354110
0.369251
0.370263
0.369965
0.370627
0.370861
0.370896
0.373079
0.373527
0.373742
0.373804
0.375765
0.376880
0.378644
0.380424
0.381305
0.402817
0.403791
0.403826
0.404351
0.404986
0.406024
0.406303
0.407236
0.428679
0.430240
0.430325
0.430821
0.431199
0.432593
0.433246
0.434501
0.436250
0.437855
0.439538
0.442088
0.446625
0.448257
0.449810
0.455533
0.462037
0.461606
0.463333
0.463404
0.463800
0.467032
0.468065
0.470529
0.469959
0.471338
0.474450
0.477000
0.476301
0.478078
0.480017
0.481050
0.482377
0.486058
0.488672
0.491038
0.489939
0.492281
0.493198
0.495200
0.493143
0.521089
0.523038
0.523678
0.523375
0.524186
0.524001
0.524150
0.524616
0.527380
0.529127
0.529768
0.532765
0.535104
0.536798
0.539725
0.541088
0.542396
0.552486
0.554803
0.555592
0.557230
0.559665
0.558390
0.562737
0.562717
0.566343
0.568872
0.570485
0.571168
0.571947
0.576823
0.575971
0.581445
0.581712
0.580054
0.583510
0.584877
0.585909
0.587387
0.591011
0.592768
0.591367
0.595790
0.598625
0.601457
0.602566
0.614940
0.617286
0.619096
0.620709
0.621096
0.626997
0.627116
0.629340
0.630438
0.632188
0.634925
0.635821
0.640896
0.641343
0.643041
0.643798
0.647902
0.655536
0.657048
0.659310
0.661303
0.664470
0.664979
0.665899
0.666570
0.670401
0.674858
0.675674
0.676376
0.677787
0.680285
0.681667
0.686720
0.690355
0.691095
0.691387
0.694397
0.695773
0.697519
0.696756
0.698472
0.703666
0.715926
0.718194
0.721820
0.723376
0.723923
0.737318
0.738316
0.738483
0.738610
0.738969
0.739822
0.740621
0.742507
0.760435
0.760535
0.758408
0.762291
0.762374
0.762503
0.765036
0.763341
0.765115
0.763461
0.766851
0.767951
0.770640
0.770721
0.775265
0.774559
0.778768
0.783199
0.784642
0.785533
0.787682
0.786402
0.799251
0.799956
0.799809
0.800125
0.800366
0.800485
0.801224
0.801343
0.814770
0.819299
0.820327
0.829614
0.832673
0.832812
0.834894
0.837515
0.840729
0.842564
0.845016
0.845549
0.851406
0.853387
0.855689
0.857244
0.862106
0.863502
0.861825
0.864109
0.865335
0.866235
0.874657
0.875223
0.876311
0.876799
0.878551
0.883346
0.883648
0.885031
0.885122
0.885805
0.886654
0.887050
0.890735
0.891579
0.894351
0.896381
0.900477
0.913706
0.924103
0.924368
0.915270
0.915447
0.916160
0.917831
0.918222
0.920002
0.944196
0.946424
0.946788
0.960214
0.960385
0.947853
0.963747
0.963972
0.966408
0.964625
0.970758
0.969236
0.971331
0.971511
0.971790
0.975888
0.976441
0.976680
0.976816
0.980380
0.982192
0.985431
0.987172
0.990715
0.982505
0.982802
0.993421
0.983927
0.997335
1.000184
1.002394
0.994136
1.001506
1.005109
1.005871
1.009108
1.009911
1.011707
1.013750
1.017408
1.021338
1.023373
1.025620
1.043953
1.046171
1.058276
1.059597
1.060214
1.049377
1.061561
1.051226
1.064531
1.053778
1.055385
1.069249
1.072686
1.074069
1.064066
1.078116
1.067266
1.067623
1.079927
1.076924
1.078157
1.078297
1.090992
1.080767
1.081867
1.083296
1.085332
1.088443
1.112064
1.113072
1.113366
1.113662
1.113780
1.113971
1.115273
1.117072
1.122220
1.124395
1.125050
1.126282
1.130091
1.149377
1.150079
1.152184
1.143037
1.156079
1.157587
1.147320
1.148270
1.150851
1.153380
1.166619
1.168362
1.170035
1.158647
1.171082
1.161013
1.173455
1.162959
1.176254
1.178890
1.180176
1.183742
1.185652
1.174061
1.175285
1.175515
1.190814
1.180516
1.180861
1.181440
1.182324
1.184912
1.188361
1.202390
1.206204
1.209352
1.211184
1.214019
1.216072
1.218965
1.221057
1.223718
1.226280
1.228929
1.231014
1.233990
1.234816
1.257650
1.259237
1.259411
1.247684
1.250237
1.250808
1.263597
1.253236
1.265270
1.256221
1.257069
1.272333
1.273257
1.261868
1.277352
1.265587
1.280501
1.281745
1.283360
1.286369
1.277017
1.280403
1.283313
1.283756
1.286440
1.290234
1.291165
1.314606
1.315451
1.315393
1.315523
1.315661
1.315797
1.316689
1.318449
1.321131
1.324321
1.327693
1.333039
1.336648
1.354639
1.343964
1.356746
1.360671
1.350693
1.352671
1.366939
1.359279
1.372212
1.360426
1.374921
1.376189
1.380857
1.381978
1.378585
1.379372
1.379256
1.380226
1.381229
1.383410
1.401325
1.401387
1.401682
1.401711
1.401745
1.402912
1.403179
1.403219
1.404705
1.406398
1.407806
1.413162
1.414182
1.415136
1.416187
1.417684
1.439006
1.440215
1.444553
1.444629
1.441935
1.442379
1.442665
1.447537
1.446345
1.449251
1.448090
1.451148
1.451433
1.454041
1.458030
1.459540
1.456986
1.459656
1.458727
1.466525
1.469276
1.470572
1.472066
1.471203
1.475898
1.476769
1.477660
1.478113
1.482226
1.483420
1.484398
1.486120
1.488043
1.498571
1.502119
1.504940
1.505739
1.508588
1.511083
1.512676
1.515637
1.517130
1.519398
1.542721
1.540233
1.544346
1.540226
1.540690
1.542919
1.543326
1.546886
1.547128
1.544612
1.546569
1.548696
1.553673
1.551467
1.552199
1.558789
1.558917
1.559613
1.558729
1.562328
1.564381
1.580999
1.577781
1.582517
1.579741
1.579309
1.579309
1.581439
1.581740
1.581971
1.582875
1.585413
1.587162
1.599366
1.602039
1.605002
1.607730
1.613208
1.613940
1.615089
1.620139
1.639956
1.639567
1.643783
1.646216
1.643005
1.647454
1.646253
1.650409
1.649113
1.649687
1.653921
1.659492
1.657754
1.657865
1.658230
1.664358
1.660822
1.666778
1.668582
1.670236
1.672254
1.671483
1.675310
1.679106
1.678139
1.678883
1.681238
1.683136
1.685581
1.685261
1.688536
1.690221
1.699076
1.699817
1.699919
1.701534
1.743400
1.743445
1.739609
1.745014
1.742118
1.742207
1.744164
1.745781
1.747092
1.749142
1.753914
1.756542
1.753217
1.757148
1.755664
1.756474
1.758274
1.759093
1.760626
1.765961
1.764494
1.767325
1.771346
1.773986
1.770503
1.771720
1.775589
1.774338
1.776697
1.779451
1.779844
1.781314
1.782168
1.782611
1.783795
1.797153
1.802623
1.804993
1.808127
1.816645
1.819907
1.838172
1.843922
1.840167
1.842791
1.846871
1.849371
1.846443
1.849758
1.852415
1.857157
1.854765
1.854926
1.855902
1.863378
1.863983
1.867890
1.868438
1.870130
1.872827
1.870579
1.871151
1.873730
1.873831
1.875340
1.877695
1.878956
1.880376
1.883028
1.899254
1.899303
1.899553
1.899672
1.899638
1.900651
1.900865
1.900906
1.902966
1.904461
1.931918
1.936973
1.937108
1.937109
1.937008
1.937902
1.938042
1.938058
1.938323
1.934942
1.935136
1.940132
1.935683
1.935922
1.940479
1.937085
1.937606
1.942234
1.938135
1.943081
1.939286
1.943694
1.939764
1.940063
1.943972
1.941090
1.945036
1.941814
1.941761
1.946391
1.946566
1.943438
1.943482
1.948303
1.948236
1.948224
1.945500
1.945529
1.946248
1.946391
1.946437
1.950905
1.947487
1.948291
1.948930
1.952817
1.952663
1.950169
1.950223
1.950216
1.954731
1.951384
1.955948
1.956847
1.956964
1.953585
1.953629
1.953607
1.958388
1.955759
1.959204
1.955791
1.959229
1.959265
1.957133
1.957528
1.957361
1.958292
1.961877
1.958743
1.963139
1.963313
1.959826
1.964193
1.964964
1.965637
1.962759
1.967065
1.964016
1.967610
1.968480
1.965440
1.965983
1.969875
1.966348
1.966464
1.967214
1.970711
1.971355
1.971848
1.969562
1.973177
1.973278
1.970356
1.971015
1.974048
1.974814
1.972013
1.974967
1.971553
1.975999
1.973158
1.973237
1.973995
1.974755
1.974264
1.975025
1.975038
1.976067
1.976698
1.977408
1.977917
1.978499
1.978193
1.979301
1.979393
1.979085
1.979744
1.980282
1.980363
1.980886
1.981359
1.981966
1.982481
1.982180
1.983176
1.983532
1.984384
1.984410
1.985045
1.985730
2.032414
2.028807
2.029051
2.029105
2.029149
2.034019
2.034160
2.034652
2.035251
2.035789
2.036208
2.036694
2.037260
2.037730
2.034029
2.035273
2.035863
2.035901
2.035507
2.039394
2.036371
2.040320
2.037165
2.038097
2.037599
2.041473
2.038246
2.038748
2.039310
2.042763
2.043711
2.040425
2.040465
2.044913
2.041456
2.045119
2.041445
2.041724
2.045309
2.043223
2.046753
2.043158
2.047874
2.048013
2.044585
2.044592
2.044631
2.044666
2.049727
2.046551
2.050188
2.050281
2.046817
2.046883
2.046913
2.051974
2.052006
2.048525
2.053559
2.053581
2.050122
2.050158
2.050341
2.053901
2.050375
2.055646
2.055743
2.052398
2.052463
2.057408
2.054067
2.057530
2.057651
2.054331
2.054310
2.057236
2.058321
2.055555
2.055537
2.058434
2.055642
2.055678
2.055724
2.058614
2.055773
2.059722
2.059788
2.056605
2.056589
2.057726
2.057713
2.061563
2.061567
2.058397
2.062369
2.059102
2.059336
2.062449
2.062873
2.060160
2.060452
2.060762
2.061256
2.063270
2.063482
2.065094
2.065719
2.066280
2.066177
2.066433
2.066779
2.067191
2.067796
2.067361
2.067990
2.069092
2.069372
2.069433
2.069454
2.070450
2.070522
2.071316
2.071584
2.072019
2.072871
2.073488
2.073196
2.073686
2.075155
2.074798
2.075593
2.075703
2.076569
2.076333
2.076758
2.077122
2.078199
2.078126
2.078125
2.078791
2.089388
2.090333
2.091857
2.092141
2.092694
2.093408
2.094693
2.129371
2.130010
2.131355
2.133667
2.133921
2.134636
2.131714
2.135267
2.135514
2.132320
2.136222
2.133085
2.136838
2.132779
2.134422
2.134538
2.135121
2.135538
2.139212
2.135725
2.140289
2.140435
2.136770
2.140559
2.137418
2.141137
2.137466
2.141177
2.138928
2.138676
2.142699
2.140035
2.143830
2.144892
2.141448
2.145181
2.141368
2.141461
2.143314
2.143290
2.147171
2.143405
2.143494
2.147373
2.145158
2.149181
2.149200
2.145386
2.145456
2.150532
2.146887
2.151730
2.151903
2.152016
2.152088
2.148330
2.149844
2.153653
2.153890
2.150233
2.150254
2.154023
2.151932
2.155694
2.156881
2.153253
2.153352
2.157127
2.157224
2.157261
2.155356
2.155351
2.159085
2.155532
2.159326
2.155729
2.155819
2.161203
2.157694
2.157697
2.157900
2.161495
2.161531
2.163282
2.159789
2.163464
2.159933
2.159967
2.164891
2.164843
2.165095
2.161749
2.161874
2.161911
2.161984
2.167336
2.167382
2.167385
2.167399
2.164266
2.164353
2.168717
2.166260
2.169495
2.166338
2.169068
2.166529
2.169148
2.168528
2.168779
2.168890
2.168970
2.168933
2.170391
2.170396
2.170468
2.171739
2.171766
2.171790
2.171874
2.172081
2.172093
2.172316
2.173977
2.175083
2.175059
2.175178
2.175219
2.175224
2.176688
2.176719
2.176806
2.177737
2.178182
2.178338
2.178469
2.178463
2.178607
2.178732
2.179876
2.179998
2.180767
2.181432
2.181587
2.181688
2.181935
2.183236
2.183820
2.183843
2.185131
2.185171
2.185922
2.186121
2.187317
2.187890
2.188729
2.189550
2.189707
2.191588
2.192030
2.192000
2.192880
2.192697
2.192851
2.192815
2.192881
2.193967
2.194003
2.196777
2.232384
2.238143
2.238655
2.235126
2.239501
2.241199
2.237600
2.241922
2.241364
2.241458
2.243633
2.248017
2.245440
2.251939
2.248228
2.253028
2.250115
2.254975
2.255798
2.260950
2.257730
2.262719
2.266054
2.262787
2.264538
2.266057
2.270047
2.270444
2.271539
2.271955
2.274214
2.275242
2.275506
2.277045
2.277421
2.294816
2.295468
2.295792
2.295856
2.295876
2.295920
2.329575
2.332071
2.329233
2.334802
2.335729
2.338263
2.335381
2.341648
2.338336
2.339885
2.340423
2.341096
2.343776
2.344257
2.350811
2.348616
2.349533
2.354276
2.356991
2.358598
2.360005
2.357703
2.363474
2.364111
2.365384
2.366757
2.366663
2.371390
2.372936
2.373456
2.373877
2.374129
2.374346
2.375531
2.425999
2.431676
2.427431
2.428060
2.434277
2.434540
2.436214
2.432280
2.438496
2.434610
2.436742
2.438207
2.440118
2.440500
2.440844
2.443311
2.449408
2.445328
2.451788
2.447693
2.452309
2.450207
2.457591
2.453947
2.454054
2.455569
2.460883
2.463326
2.465046
2.467410
2.465399
2.465607
2.470035
2.471887
2.472042
2.474306
2.474791
2.476536
2.477791
2.482324
2.533328
2.534524
2.530782
2.535104
2.532058
2.532172
2.533917
2.538164
2.539499
2.535728
2.544526
2.541811
2.546941
2.543955
2.545718
2.547404
2.551858
2.548000
2.552460
2.548532
2.552122
2.559730
2.557694
2.563686
2.564107
2.562084
2.565459
2.567969
2.568433
2.568902
2.569096
2.572946
2.574599
2.573977
2.576566
2.577192
2.579091
2.580419
2.582349
2.586750
2.587708
2.588003
2.590631
2.592732
2.625439
2.630628
2.632395
2.635683
2.633064
2.633484
2.638534
2.634475
2.636060
2.641600
2.639908
2.642882
2.647907
2.645382
2.645855
2.646123
2.650388
2.655734
2.656580
2.659163
2.659325
2.656721
2.660351
2.664209
2.664804
2.666447
2.666331
2.667321
2.668438
2.671048
2.671860
2.674417
2.677078
2.725188
2.725375
2.730609
2.726997
2.729292
2.735123
2.736578
2.734030
2.734866
2.736368
2.743849
2.744276
2.744837
2.746883
2.744528
2.744774
2.745416
2.746068
2.751029
2.752632
2.748865
2.750006
2.754774
2.756641
2.757883
2.759845
2.758997
2.760390
2.763764
2.764140
2.766244
2.768481
2.771094
2.830282
2.826371
2.831222
2.831583
2.827851
2.833267
2.829445
2.831611
2.837627
2.833872
2.836091
2.840220
2.837872
2.838850
2.839297
2.845989
2.843534
2.844190
2.850632
2.851562
2.849128
2.855376
2.856999
2.858141
2.855459
2.859725
2.859343
2.863167
2.867790
2.867568
2.869482
2.871139
2.872418
2.873876
2.875304
2.875936
2.877970
2.879715
2.881849
2.883266
2.887158
2.890387
2.930223
2.931043
2.927268
2.931479
2.927781
2.933140
2.929499
2.933373
2.934899
2.932052
2.937138
2.935218
2.937839
2.938545
2.939264
2.943157
2.941646
2.946867
2.943308
2.945530
2.949884
2.946291
2.948284
2.955653
2.956806
2.957881
2.960227
2.958701
2.959768
2.959977
2.965254
2.968364
2.969195
2.970622
2.971971
2.974583
3.025790
3.029190
3.026493
3.030925
3.032971
3.029711
3.035187
3.032045
3.033148
3.035459
3.035712
3.039012
3.044190
3.043140
3.048771
3.050050
3.046861
3.051271
3.051869
3.053695
3.049833
3.056047
3.058960
3.062360
3.063690
3.064117
3.066090
3.069677
3.072402
3.074269
3.075465
3.075338
3.124132
3.124984
3.126977
3.124300
3.126488
3.127180
3.132554
3.129646
3.133095
3.130723
3.132986
3.138798
3.139944
3.137038
3.140311
3.140672
3.141532
3.146861
3.143165
3.148880
3.145788
3.150573
3.147401
3.152042
3.155172
3.157431
3.155492
3.158667
3.157695
3.159752
3.163129
3.163048
3.165025
3.168393
3.170675
3.172077
3.172273
3.173268
3.224144
3.219872
3.221361
3.221984
3.227857
3.225542
3.227003
3.232432
3.232393
3.230677
3.231594
3.234586
3.232056
3.234329
3.238914
3.237586
3.242349
3.240936
3.241670
3.247589
3.249203
3.246233
3.247301
3.252308
3.249658
3.254271
3.257257
3.262388
3.259956
3.261638
3.263041
3.265459
3.268353
3.268456
3.270906
3.271289
3.271973
3.279227
3.280831
3.324392
3.325119
3.325257
3.325308
3.325427
3.323385
3.328306
3.328650
3.326888
3.327384
3.329733
3.329562
3.330814
3.332692
3.332957
3.333549
3.334708
3.339977
3.338001
3.337653
3.343444
3.342704
3.343584
3.349231
3.349954
3.353039
3.356497
3.354987
3.367912
3.370027
3.371079
3.371240
3.371525
3.371606
3.371306
3.371608
3.371588
3.372282
3.384842
3.386233
3.386932
3.386949
3.388420
3.388892
3.394937
3.422483
3.421803
3.426094
3.427167
3.425702
3.429146
3.430743
3.427454
3.432132
3.433038
3.435253
3.435836
3.436775
3.440643
3.440762
3.442672
3.439235
3.444793
3.443444
3.452551
3.453734
3.450327
3.456183
3.454149
3.456112
3.458416
3.459404
3.462475
3.463453
3.465809
3.468162
3.468824
3.469652
3.480649
3.481347
3.484260
3.487473
3.517813
3.519266
3.523988
3.520099
3.520550
3.525948
3.527497
3.527397
3.528943
3.527334
3.531278
3.527862
3.529028
3.529465
3.531867
3.532483
3.536798
3.537790
3.535600
3.540834
3.538662
3.546236
3.547088
3.552174
3.555411
3.557184
3.559811
3.561558
3.563092
3.564789
3.565091
3.565130
3.566101
3.568014
3.569344
3.570888
3.577525
3.580301
3.581953
3.582681
3.585006
3.586248
3.591897
3.592559
3.594501
3.618007
3.622276
3.620211
3.626012
3.626096
3.624612
3.631705
3.629236
3.629842
3.636603
3.634386
3.644076
3.646404
3.646958
3.647695
3.651134
3.652644
3.651441
3.653728
3.655640
3.659264
3.662529
3.664245
3.665112
3.665727
3.666659
3.668509
3.668888
3.670862
3.680949
3.682655
3.683770
3.685374
3.689021
3.691475
3.719424
3.722169
3.723914
3.723371
3.723155
3.728806
3.724583
3.729061
3.734420
3.729891
3.735765
3.736531
3.732606
3.732896
3.741661
3.741729
3.743499
3.744472
3.756849
3.757386
3.753260
3.757989
3.753471
3.753767
3.823239
3.823855
3.823953
3.823993
3.824214
3.824051
3.824535
3.825638
3.829161
3.831920
3.833186
3.834704
3.837491
3.837932
3.839247
3.840723
3.841856
3.844106
3.889332
3.889435
3.925806
3.926540
3.926589
3.926634
3.926668
3.927126
3.939396
3.939534
3.940079
3.940120
3.940417
3.940666
3.942067
3.945279
3.946032
3.954723
3.955117
3.955315
3.955253
3.955397
4.023212
4.023102
4.023507
4.023723
4.023818
4.038424
4.038723
4.038965
4.038923
4.038965
4.039577
4.040734
4.042980
4.043102
4.044180
4.052905
4.052982
4.053146
4.053189
4.115734
4.116087
4.117074
4.117728
4.138034
4.138152
4.138250
4.138780
4.138461
4.138617
4.138702
4.139298
4.148629
4.149068
4.149248
4.149350
4.149685

Average response time: 1.890578 seconds
